    1.00   286.1781   286.1737   286.1475   286.0250   285.4557   282.8103   270.5204
    2.00   302.3441   302.3223   302.2071   301.7439   299.9577   293.3670   270.6840
    3.00   318.4821   318.4203   318.1206   317.0550   313.4998   302.3938   270.8180
    4.00   334.5706   334.4378   333.8365   331.9037   326.1585   310.3349   270.9357
    5.00   350.5837   350.3432   349.3137   346.2698   338.0328   317.4734   271.0414
    6.00   366.4940   366.1063   364.5223   360.1553   349.2200   323.9961   271.1380
    7.00   382.2737   381.6993   379.4419   373.5749   359.8066   330.0313   271.2274
    8.00   397.8966   397.0979   394.0600   386.5500   369.8667   335.6702   271.3108
    9.00   413.3388   412.2815   408.3700   399.1045   379.4626   340.9792   271.3894
   10.00   428.5791   427.2332   422.3693   411.2628   388.6462   346.0085   271.4638
   11.00   443.5997   441.9393   436.0586   423.0482   397.4607   350.7964   271.5346
   12.00   458.3856   456.3895   449.4405   434.4823   405.9424   355.3732   271.6023
   13.00   472.9248   470.5758   462.5190   445.5852   414.1215   359.7629   271.6673
   14.00   487.2080   484.4927   475.2992   456.3746   422.0236   363.9849   271.7297
   15.00   501.2282   498.1368   487.7863   466.8668   429.6702   368.0553   271.7899
   16.00   514.9807   511.5061   499.9864   477.0762   437.0799   371.9873   271.8481
   17.00   528.4622   524.6002   511.9054   487.0158   444.2684   375.7918   271.9043
   18.00   541.6714   537.4196   523.5494   496.6975   451.2494   379.4784   271.9588
   19.00   554.6078   549.9660   534.9244   506.1316   458.0347   383.0549   272.0117
   20.00   567.2724   562.2416   546.0364   515.3279   464.6346   386.5283   272.0631
   21.00   579.6667   574.2494   556.8916   524.2951   471.0583   389.9043   272.1130
   22.00   591.7933   585.9929   567.4956   533.0411   477.3139   393.1881   272.1616
   23.00   603.6551   597.4758   577.8542   541.5735   483.4085   396.3844   272.2088
   24.00   615.2555   608.7023   587.9731   549.8989   489.3485   399.4970   272.2549
   25.00   626.5983   619.6767   597.8578   558.0239   495.1399   402.5296   272.2997
   26.00   637.6877   630.4035   607.5137   565.9542   500.7881   405.4854   272.3434
   27.00   648.5280   640.8874   616.9461   573.6956   506.2977   408.3673   272.3860
   28.00   659.1236   651.1330   626.1601   581.2533   511.6735   411.1779   272.4276
   29.00   669.4791   661.1452   635.1608   588.6322   516.9194   413.9197   272.4681
   30.00   679.5993   670.9286   643.9532   595.8373   522.0396   416.5948   272.5077
   31.00   689.4888   680.4881   652.5420   602.8730   527.0375   419.2054   272.5463
   32.00   699.1524   689.8285   660.9319   609.7436   531.9167   421.7534   272.5840
   33.00   708.5947   698.9543   669.1276   616.4534   536.6804   424.2406   272.6207
   34.00   717.8205   707.8703   677.1335   623.0064   541.3318   426.6688   272.6566
   35.00   726.8344   716.5811   684.9541   629.4064   545.8736   429.0394   272.6917
   36.00   735.6410   725.0912   692.5937   635.6573   550.3089   431.3542   272.7259
   37.00   744.2449   733.4052   700.0563   641.7625   554.6404   433.6145   272.7593
   38.00   752.6507   741.5274   707.3462   647.7258   558.8705   435.8218   272.7920
   39.00   760.8626   749.4620   714.4672   653.5503   563.0018   437.9773   272.8238
   40.00   768.8851   757.2135   721.4234   659.2395   567.0369   440.0825   272.8550
   41.00   776.7223   764.7859   728.2186   664.7966   570.9779   442.1385   272.8854
   42.00   784.3787   772.1833   734.8564   670.2247   574.8272   444.1466   272.9151
   43.00   791.8581   779.4097   741.3405   675.5269   578.5870   446.1079   272.9441
   44.00   799.1647   786.4690   747.6745   680.7060   582.2594   448.0236   272.9724
   45.00   806.3024   793.3651   753.8619   685.7651   585.8465   449.8947   273.0000
   46.00   813.2750   800.1016   759.9060   690.7068   589.3503   451.7223   273.0271
   47.00   820.0864   806.6823   765.8101   695.5340   592.7728   453.5075   273.0535
   48.00   826.7402   813.1108   771.5776   700.2494   596.1159   455.2512   273.0792
   49.00   833.2402   819.3905   777.2115   704.8554   599.3815   456.9545   273.1044
   50.00   839.5897   825.5249   782.7149   709.3548   602.5714   458.6183   273.1290
   51.00   845.7923   831.5173   788.0910   713.7499   605.6873   460.2434   273.1531
   52.00   851.8513   837.3710   793.3426   718.0431   608.7310   461.8309   273.1765
   53.00   857.7702   843.0893   798.4725   722.2370   611.7042   463.3816   273.1995
   54.00   863.5520   848.6751   803.4838   726.3337   614.6084   464.8964   273.2219
   55.00   869.2000   854.1317   808.3789   730.3355   617.4454   466.3760   273.2437
   56.00   874.7173   859.4620   813.1608   734.2446   620.2167   467.8214   273.2651
   57.00   880.1069   864.6688   817.8319   738.0633   622.9238   469.2333   273.2860
   58.00   885.3717   869.7552   822.3949   741.7934   625.5682   470.6124   273.3064
   59.00   890.5146   874.7237   826.8522   745.4372   628.1513   471.9597   273.3263
   60.00   895.5385   879.5773   831.2063   748.9966   630.6746   473.2757   273.3458
   61.00   900.4461   884.3185   835.4596   752.4736   633.1394   474.5612   273.3648
   62.00   905.2400   888.9499   839.6144   755.8701   635.5472   475.8170   273.3833
   63.00   909.9230   893.4741   843.6731   759.1880   637.8993   477.0437   273.4015
   64.00   914.4975   897.8935   847.6377   762.4290   640.1968   478.2419   273.4192
   65.00   918.9662   902.2106   851.5106   765.5949   642.4412   479.4125   273.4365
   66.00   923.3313   906.4278   855.2938   768.6876   644.6336   480.5559   273.4534
   67.00   927.5954   910.5473   858.9894   771.7087   646.7752   481.6728   273.4699
   68.00   931.7608   914.5715   862.5994   774.6598   648.8672   482.7639   273.4860
   69.00   935.8298   918.5025   866.1259   777.5425   650.9108   483.8297   273.5018
   70.00   939.8045   922.3424   869.5707   780.3585   652.9071   484.8709   273.5172
   71.00   943.6872   926.0935   872.9357   783.1094   654.8571   485.8879   273.5322
   72.00   947.4800   929.7577   876.2228   785.7965   656.7620   486.8814   273.5469
   73.00   951.1850   933.3371   879.4339   788.4214   658.6228   487.8519   273.5613
   74.00   954.8043   936.8336   882.5705   790.9855   660.4405   488.7999   273.5753
   75.00   958.3397   940.2491   885.6346   793.4903   662.2161   489.7259   273.5890
   76.00   961.7932   943.5856   888.6277   795.9371   663.9507   490.6306   273.6024
   77.00   965.1669   946.8448   891.5515   798.3272   665.6450   491.5142   273.6154
   78.00   968.4623   950.0286   894.4076   800.6620   667.3001   492.3774   273.6282
   79.00   971.6815   953.1386   897.1976   802.9427   668.9169   493.2207   273.6407
   80.00   974.8262   956.1767   899.9230   805.1706   670.4963   494.0444   273.6528
   81.00   977.8980   959.1444   902.5853   807.3469   672.0391   494.8490   273.6647
   82.00   980.8988   962.0433   905.1859   809.4729   673.5461   495.6350   273.6764
   83.00   983.8300   964.8752   907.7263   811.5496   675.0183   496.4028   273.6877
   84.00   986.6934   967.6415   910.2079   813.5782   676.4564   497.1528   273.6988
   85.00   989.4905   970.3437   912.6321   815.5599   677.8612   497.8855   273.7096
   86.00   992.2228   972.9834   915.0001   817.4957   679.2335   498.6011   273.7202
   87.00   994.8919   975.5620   917.3133   819.3866   680.5740   499.3003   273.7305
   88.00   997.4991   978.0808   919.5729   821.2338   681.8834   499.9832   273.7406
   89.00  1000.0460   980.5414   921.7803   823.0382   683.1625   500.6503   273.7505
   90.00  1002.5340   982.9449   923.9365   824.8009   684.4121   501.3020   273.7601
   91.00  1004.9643   985.2928   926.0428   826.5227   685.6327   501.9386   273.7696
   92.00  1007.3383   987.5864   928.1003   828.2046   686.8250   502.5604   273.7788
   93.00  1009.6574   989.8268   930.1102   829.8477   687.9897   503.1679   273.7877
   94.00  1011.9228   992.0154   932.0735   831.4526   689.1275   503.7613   273.7965
   95.00  1014.1357   994.1533   933.9914   833.0204   690.2389   504.3409   273.8051
   96.00  1016.2974   996.2417   935.8649   834.5520   691.3246   504.9071   273.8134
   97.00  1018.4091   998.2818   937.6950   836.0480   692.3851   505.4603   273.8216
   98.00  1020.4718  1000.2746   939.4827   837.5094   693.4211   506.0006   273.8296
   99.00  1022.4868  1002.2213   941.2290   838.9370   694.4331   506.5284   273.8374
  100.00  1024.4552  1004.1229   942.9349   840.3315   695.4217   507.0439   273.8450
  101.00  1026.3780  1005.9804   944.6014   841.6938   696.3874   507.5476   273.8525
  102.00  1028.2562  1007.7950   946.2292   843.0244   697.3307   508.0396   273.8598
  103.00  1030.0910  1009.5676   947.8193   844.3243   698.2522   508.5202   273.8669
  104.00  1031.8833  1011.2991   949.3726   845.5941   699.1523   508.9896   273.8738
  105.00  1033.6340  1012.9905   950.8900   846.8345   700.0316   509.4482   273.8806
  106.00  1035.3443  1014.6428   952.3722   848.0462   700.8906   509.8962   273.8872
  107.00  1037.0149  1016.2568   953.8201   849.2298   701.7296   510.3338   273.8937
  108.00  1038.6469  1017.8334   955.2345   850.3860   702.5492   510.7613   273.9000
  109.00  1040.2411  1019.3735   956.6161   851.5154   703.3499   511.1788   273.9062
  110.00  1041.7984  1020.8780   957.9658   852.6187   704.1320   511.5867   273.9122
  111.00  1043.3196  1022.3476   959.2842   853.6965   704.8960   511.9852   273.9181
  112.00  1044.8056  1023.7832   960.5720   854.7493   705.6423   512.3744   273.9239
  113.00  1046.2572  1025.1856   961.8301   855.7777   706.3714   512.7546   273.9295
  114.00  1047.6752  1026.5555   963.0590   856.7823   707.0835   513.1261   273.9350
  115.00  1049.0603  1027.8937   964.2595   857.7636   707.7792   513.4889   273.9403
  116.00  1050.4134  1029.2009   965.4321   858.7222   708.4588   513.8433   273.9456
  117.00  1051.7351  1030.4778   966.5777   859.6587   709.1226   514.1895   273.9507
  118.00  1053.0263  1031.7252   967.6967   860.5734   709.7711   514.5277   273.9557
  119.00  1054.2875  1032.9437   968.7897   861.4670   710.4045   514.8581   273.9606
  120.00  1055.5196  1034.1339   969.8575   862.3399   711.0233   515.1808   273.9654
  121.00  1056.7231  1035.2967   970.9006   863.1925   711.6277   515.4960   273.9700
  122.00  1057.8988  1036.4325   971.9195   864.0254   712.2182   515.8040   273.9746
  123.00  1059.0472  1037.5420   972.9148   864.8391   712.7950   516.1048   273.9790
  124.00  1060.1690  1038.6258   973.8871   865.6339   713.3584   516.3987   273.9834
  125.00  1061.2649  1039.6845   974.8368   866.4103   713.9088   516.6857   273.9876
  126.00  1062.3354  1040.7187   975.7646   867.1687   714.4464   516.9661   273.9917
  127.00  1063.3811  1041.7289   976.6709   867.9096   714.9716   517.2400   273.9958
  128.00  1064.4026  1042.7158   977.5562   868.6333   715.4847   517.5076   273.9998
  129.00  1065.4005  1043.6798   978.4210   869.3402   715.9858   517.7690   274.0036
  130.00  1066.3752  1044.6215   979.2658   870.0308   716.4754   518.0243   274.0074
  131.00  1067.3274  1045.5414   980.0910   870.7054   716.9536   518.2737   274.0111
  132.00  1068.2575  1046.4400   980.8971   871.3644   717.4207   518.5173   274.0147
  133.00  1069.1661  1047.3178   981.6846   872.0081   717.8770   518.7553   274.0182
  134.00  1070.0537  1048.1753   982.4538   872.6369   718.3228   518.9878   274.0216
  135.00  1070.9207  1049.0129   983.2052   873.2512   718.7583   519.2149   274.0250
  136.00  1071.7676  1049.8311   983.9392   873.8512   719.1836   519.4367   274.0283
  137.00  1072.5950  1050.6304   984.6563   874.4373   719.5991   519.6534   274.0315
  138.00  1073.4031  1051.4111   985.3567   875.0099   720.0050   519.8651   274.0346
  139.00  1074.1926  1052.1738   986.0409   875.5692   720.4015   520.0719   274.0377
  140.00  1074.9638  1052.9188   986.7092   876.1156   720.7888   520.2739   274.0407
  141.00  1075.7171  1053.6466   987.3621   876.6493   721.1672   520.4712   274.0436
  142.00  1076.4530  1054.3576   987.9999   877.1706   721.5368   520.6640   274.0464
  143.00  1077.1718  1055.0520   988.6229   877.6799   721.8978   520.8523   274.0492
  144.00  1077.8740  1055.7304   989.2315   878.1774   722.2505   521.0362   274.0519
  145.00  1078.5600  1056.3931   989.8260   878.6634   722.5950   521.2159   274.0546
  146.00  1079.2300  1057.0404   990.4067   879.1381   722.9315   521.3914   274.0572
  147.00  1079.8846  1057.6728   990.9739   879.6018   723.2602   521.5628   274.0597
  148.00  1080.5240  1058.2905   991.5281   880.0548   723.5813   521.7303   274.0622
  149.00  1081.1486  1058.8939   992.0694   880.4973   723.8950   521.8939   274.0646
  150.00  1081.7587  1059.4834   992.5982   880.9296   724.2015   522.0537   274.0670
  151.00  1082.3547  1060.0591   993.1147   881.3518   724.5008   522.2099   274.0693
  152.00  1082.9369  1060.6216   993.6193   881.7643   724.7932   522.3624   274.0715
  153.00  1083.5056  1061.1710   994.1122   882.1672   725.0788   522.5113   274.0737
  154.00  1084.0612  1061.7078   994.5937   882.5608   725.3578   522.6568   274.0759
  155.00  1084.6038  1062.2320   995.0640   882.9453   725.6304   522.7990   274.0780
  156.00  1085.1340  1062.7442   995.5234   883.3209   725.8966   522.9378   274.0800
  157.00  1085.6518  1063.2445   995.9722   883.6878   726.1567   523.0735   274.0821
  158.00  1086.1577  1063.7332   996.4107   884.0462   726.4108   523.2060   274.0840
  159.00  1086.6518  1064.2106   996.8389   884.3963   726.6590   523.3354   274.0859
  160.00  1087.1345  1064.6769   997.2573   884.7382   726.9014   523.4619   274.0878
  161.00  1087.6061  1065.1325   997.6659   885.0723   727.1382   523.5854   274.0896
  162.00  1088.0667  1065.5775   998.0651   885.3986   727.3695   523.7060   274.0914
  163.00  1088.5166  1066.0122   998.4551   885.7174   727.5955   523.8239   274.0931
  164.00  1088.9562  1066.4368   998.8360   886.0288   727.8163   523.9390   274.0948
  165.00  1089.3855  1066.8516   999.2081   886.3330   728.0319   524.0515   274.0965
  166.00  1089.8049  1067.2568   999.5716   886.6301   728.2426   524.1613   274.0981
  167.00  1090.2146  1067.6526   999.9267   886.9204   728.4483   524.2686   274.0997
  168.00  1090.6148  1068.0392  1000.2735   887.2040   728.6493   524.3735   274.1013
  169.00  1091.0058  1068.4169  1000.6124   887.4809   728.8457   524.4759   274.1028
  170.00  1091.3877  1068.7859  1000.9433   887.7515   729.0375   524.5759   274.1043
  171.00  1091.7607  1069.1463  1001.2667   888.0158   729.2248   524.6736   274.1057
  172.00  1092.1252  1069.4983  1001.5825   888.2740   729.4079   524.7691   274.1071
  173.00  1092.4811  1069.8422  1001.8910   888.5262   729.5866   524.8623   274.1085
  174.00  1092.8289  1070.1782  1002.1924   888.7725   729.7613   524.9534   274.1098
  175.00  1093.1686  1070.5064  1002.4868   889.0132   729.9319   525.0424   274.1112
  176.00  1093.5004  1070.8269  1002.7744   889.2483   730.0985   525.1293   274.1124
  177.00  1093.8245  1071.1401  1003.0553   889.4779   730.2613   525.2142   274.1137
  178.00  1094.1412  1071.4460  1003.3297   889.7023   730.4204   525.2971   274.1149
  179.00  1094.4505  1071.7448  1003.5978   889.9214   730.5757   525.3782   274.1161
  180.00  1094.7526  1072.0367  1003.8596   890.1355   730.7274   525.4573   274.1173
  181.00  1095.0477  1072.3218  1004.1154   890.3446   730.8757   525.5346   274.1184
  182.00  1095.3361  1072.6004  1004.3653   890.5488   731.0205   525.6101   274.1196
  183.00  1095.6177  1072.8724  1004.6094   890.7484   731.1619   525.6839   274.1206
  184.00  1095.8928  1073.1382  1004.8478   890.9433   731.3001   525.7560   274.1217
  185.00  1096.1616  1073.3979  1005.0807   891.1337   731.4351   525.8264   274.1228
  186.00  1096.4241  1073.6515  1005.3082   891.3197   731.5669   525.8951   274.1238
  187.00  1096.6805  1073.8992  1005.5305   891.5013   731.6957   525.9623   274.1248
  188.00  1096.9310  1074.1412  1005.7476   891.6788   731.8215   526.0279   274.1257
  189.00  1097.1757  1074.3777  1005.9597   891.8522   731.9444   526.0920   274.1267
  190.00  1097.4148  1074.6086  1006.1669   892.0215   732.0645   526.1546   274.1276
  191.00  1097.6483  1074.8342  1006.3692   892.1870   732.1818   526.2158   274.1285
  192.00  1097.8764  1075.0546  1006.5669   892.3486   732.2963   526.2755   274.1294
  193.00  1098.0992  1075.2698  1006.7600   892.5064   732.4082   526.3339   274.1303
  194.00  1098.3169  1075.4801  1006.9487   892.6607   732.5175   526.3909   274.1311
  195.00  1098.5295  1075.6855  1007.1329   892.8113   732.6243   526.4466   274.1319
  196.00  1098.7372  1075.8862  1007.3129   892.9584   732.7286   526.5010   274.1327
  197.00  1098.9401  1076.0822  1007.4888   893.1022   732.8305   526.5542   274.1335
  198.00  1099.1383  1076.2736  1007.6605   893.2426   732.9301   526.6061   274.1343
  199.00  1099.3319  1076.4607  1007.8283   893.3798   733.0273   526.6568   274.1350
  200.00  1099.5210  1076.6434  1007.9922   893.5137   733.1223   526.7063   274.1358
  201.00  1099.7057  1076.8219  1008.1523   893.6446   733.2151   526.7547   274.1365
  202.00  1099.8862  1076.9962  1008.3088   893.7725   733.3057   526.8020   274.1372
  203.00  1100.0625  1077.1665  1008.4615   893.8974   733.3943   526.8481   274.1379
  204.00  1100.2347  1077.3329  1008.6108   894.0194   733.4807   526.8933   274.1385
  205.00  1100.4029  1077.4954  1008.7566   894.1386   733.5652   526.9373   274.1392
  206.00  1100.5672  1077.6541  1008.8990   894.2550   733.6478   526.9804   274.1398
  207.00  1100.7277  1077.8092  1009.0381   894.3687   733.7284   527.0224   274.1404
  208.00  1100.8845  1077.9607  1009.1740   894.4798   733.8071   527.0635   274.1410
  209.00  1101.0377  1078.1087  1009.3067   894.5883   733.8840   527.1036   274.1416
  210.00  1101.1873  1078.2532  1009.4364   894.6943   733.9592   527.1428   274.1422
  211.00  1101.3335  1078.3944  1009.5631   894.7979   734.0326   527.1811   274.1428
  212.00  1101.4763  1078.5324  1009.6868   894.8990   734.1043   527.2185   274.1433
  213.00  1101.6157  1078.6671  1009.8077   894.9978   734.1744   527.2550   274.1439
  214.00  1101.7520  1078.7987  1009.9258   895.0943   734.2428   527.2907   274.1444
  215.00  1101.8851  1078.9273  1010.0411   895.1886   734.3096   527.3255   274.1449
  216.00  1102.0151  1079.0529  1010.1538   895.2807   734.3749   527.3596   274.1454
  217.00  1102.1421  1079.1756  1010.2638   895.3707   734.4387   527.3929   274.1459
  218.00  1102.2661  1079.2954  1010.3714   895.4586   734.5010   527.4254   274.1464
  219.00  1102.3873  1079.4125  1010.4764   895.5445   734.5619   527.4571   274.1469
  220.00  1102.5057  1079.5269  1010.5790   895.6283   734.6213   527.4881   274.1473
  221.00  1102.6213  1079.6386  1010.6792   895.7102   734.6794   527.5184   274.1478
  222.00  1102.7343  1079.7477  1010.7771   895.7903   734.7361   527.5480   274.1482
  223.00  1102.8446  1079.8543  1010.8727   895.8684   734.7915   527.5769   274.1486
  224.00  1102.9524  1079.9585  1010.9661   895.9448   734.8457   527.6051   274.1491
  225.00  1103.0577  1080.0602  1011.0574   896.0194   734.8986   527.6327   274.1495
  226.00  1103.1606  1080.1595  1011.1465   896.0923   734.9502   527.6596   274.1499
  227.00  1103.2610  1080.2566  1011.2336   896.1635   735.0007   527.6860   274.1502
  228.00  1103.3592  1080.3514  1011.3187   896.2330   735.0500   527.7117   274.1506
  229.00  1103.4550  1080.4441  1011.4018   896.3009   735.0981   527.7368   274.1510
  230.00  1103.5487  1080.5345  1011.4829   896.3673   735.1452   527.7613   274.1514
  231.00  1103.6402  1080.6229  1011.5622   896.4321   735.1911   527.7853   274.1517
  232.00  1103.7296  1080.7093  1011.6397   896.4954   735.2360   527.8087   274.1521
  233.00  1103.8169  1080.7936  1011.7153   896.5573   735.2798   527.8316   274.1524
  234.00  1103.9021  1080.8760  1011.7892   896.6177   735.3227   527.8539   274.1527
  235.00  1103.9854  1080.9565  1011.8614   896.6767   735.3645   527.8757   274.1531
  236.00  1104.0668  1081.0351  1011.9320   896.7343   735.4054   527.8970   274.1534
  237.00  1104.1463  1081.1119  1012.0009   896.7907   735.4453   527.9178   274.1537
  238.00  1104.2239  1081.1869  1012.0682   896.8457   735.4843   527.9382   274.1540
  239.00  1104.2998  1081.2602  1012.1339   896.8994   735.5224   527.9581   274.1543
  240.00  1104.3739  1081.3317  1012.1981   896.9519   735.5596   527.9775   274.1546
  241.00  1104.4463  1081.4017  1012.2608   897.0032   735.5959   527.9964   274.1548
  242.00  1104.5170  1081.4700  1012.3221   897.0533   735.6315   528.0149   274.1551
  243.00  1104.5860  1081.5367  1012.3820   897.1022   735.6661   528.0330   274.1554
  244.00  1104.6535  1081.6019  1012.4404   897.1500   735.7000   528.0507   274.1556
  245.00  1104.7194  1081.6656  1012.4976   897.1967   735.7331   528.0680   274.1559
  246.00  1104.7838  1081.7278  1012.5534   897.2423   735.7655   528.0848   274.1561
  247.00  1104.8467  1081.7885  1012.6079   897.2869   735.7970   528.1013   274.1564
  248.00  1104.9081  1081.8479  1012.6611   897.3304   735.8279   528.1174   274.1566
  249.00  1104.9681  1081.9058  1012.7131   897.3729   735.8580   528.1331   274.1569
  250.00  1105.0268  1081.9625  1012.7639   897.4144   735.8875   528.1485   274.1571
  251.00  1105.0840  1082.0178  1012.8135   897.4550   735.9162   528.1635   274.1573
  252.00  1105.1400  1082.0718  1012.8620   897.4946   735.9443   528.1781   274.1575
  253.00  1105.1946  1082.1246  1012.9094   897.5333   735.9718   528.1924   274.1577
  254.00  1105.2480  1082.1762  1012.9556   897.5712   735.9986   528.2064   274.1579
  255.00  1105.3001  1082.2266  1013.0008   897.6081   736.0248   528.2201   274.1581
  256.00  1105.3511  1082.2758  1013.0450   897.6442   736.0504   528.2334   274.1583
  257.00  1105.4008  1082.3238  1013.0881   897.6794   736.0753   528.2464   274.1585
  258.00  1105.4494  1082.3708  1013.1302   897.7139   736.0998   528.2592   274.1587
  259.00  1105.4969  1082.4167  1013.1714   897.7475   736.1236   528.2716   274.1589
  260.00  1105.5433  1082.4615  1013.2116   897.7804   736.1469   528.2838   274.1591
  261.00  1105.5886  1082.5052  1013.2508   897.8125   736.1696   528.2956   274.1593
  262.00  1105.6328  1082.5480  1013.2892   897.8438   736.1919   528.3072   274.1594
  263.00  1105.6761  1082.5898  1013.3267   897.8745   736.2136   528.3185   274.1596
  264.00  1105.7183  1082.6306  1013.3633   897.9044   736.2348   528.3296   274.1598
  265.00  1105.7595  1082.6704  1013.3990   897.9336   736.2555   528.3404   274.1599
  266.00  1105.7998  1082.7093  1013.4339   897.9621   736.2758   528.3510   274.1601
  267.00  1105.8392  1082.7474  1013.4680   897.9900   736.2955   528.3613   274.1602
  268.00  1105.8777  1082.7845  1013.5014   898.0173   736.3148   528.3713   274.1604
  269.00  1105.9152  1082.8208  1013.5339   898.0439   736.3337   528.3812   274.1605
  270.00  1105.9519  1082.8563  1013.5657   898.0699   736.3521   528.3908   274.1607
  271.00  1105.9878  1082.8909  1013.5968   898.0953   736.3701   528.4002   274.1608
  272.00  1106.0228  1082.9247  1013.6271   898.1201   736.3877   528.4094   274.1609
  273.00  1106.0570  1082.9578  1013.6568   898.1443   736.4049   528.4183   274.1611
  274.00  1106.0904  1082.9900  1013.6857   898.1680   736.4217   528.4271   274.1612
  275.00  1106.1230  1083.0216  1013.7140   898.1911   736.4381   528.4356   274.1613
  276.00  1106.1549  1083.0524  1013.7417   898.2137   736.4541   528.4440   274.1615
  277.00  1106.1860  1083.0825  1013.7686   898.2358   736.4697   528.4521   274.1616
  278.00  1106.2165  1083.1118  1013.7950   898.2573   736.4850   528.4601   274.1617
  279.00  1106.2462  1083.1406  1013.8208   898.2784   736.4999   528.4679   274.1618
  280.00  1106.2752  1083.1686  1013.8459   898.2989   736.5145   528.4755   274.1619
  281.00  1106.3036  1083.1960  1013.8705   898.3190   736.5287   528.4829   274.1620
  282.00  1106.3313  1083.2228  1013.8945   898.3387   736.5427   528.4902   274.1621
  283.00  1106.3583  1083.2489  1013.9180   898.3578   736.5562   528.4973   274.1622
  284.00  1106.3848  1083.2744  1013.9409   898.3766   736.5695   528.5042   274.1623
  285.00  1106.4106  1083.2994  1013.9633   898.3948   736.5825   528.5109   274.1624
  286.00  1106.4358  1083.3238  1013.9851   898.4127   736.5952   528.5175   274.1625
  287.00  1106.4605  1083.3476  1014.0065   898.4302   736.6075   528.5240   274.1626
  288.00  1106.4845  1083.3708  1014.0273   898.4472   736.6196   528.5303   274.1627
  289.00  1106.5080  1083.3935  1014.0477   898.4639   736.6314   528.5365   274.1628
  290.00  1106.5310  1083.4157  1014.0676   898.4802   736.6430   528.5425   274.1629
  291.00  1106.5534  1083.4374  1014.0871   898.4961   736.6542   528.5484   274.1630
  292.00  1106.5754  1083.4586  1014.1060   898.5116   736.6652   528.5541   274.1631
  293.00  1106.5968  1083.4792  1014.1246   898.5267   736.6760   528.5597   274.1632
  294.00  1106.6177  1083.4994  1014.1427   898.5416   736.6865   528.5652   274.1632
  295.00  1106.6381  1083.5192  1014.1604   898.5560   736.6968   528.5705   274.1633
  296.00  1106.6581  1083.5385  1014.1777   898.5702   736.7068   528.5758   274.1634
  297.00  1106.6776  1083.5573  1014.1946   898.5840   736.7166   528.5809   274.1635
  298.00  1106.6966  1083.5757  1014.2111   898.5975   736.7261   528.5859   274.1636
  299.00  1106.7152  1083.5937  1014.2272   898.6107   736.7355   528.5907   274.1636
  300.00  1106.7334  1083.6112  1014.2430   898.6235   736.7446   528.5955   274.1637
