   0.00000     1.00   286.1781
   0.00167     1.00   286.1737
   0.00333     1.00   286.1475
   0.00500     1.00   286.0250
   0.00667     1.00   285.4557
   0.00833     1.00   282.8103
   0.01000     1.00   270.5204

   0.00000     2.00   302.3441
   0.00167     2.00   302.3223
   0.00333     2.00   302.2071
   0.00500     2.00   301.7439
   0.00667     2.00   299.9577
   0.00833     2.00   293.3670
   0.01000     2.00   270.6840

   0.00000     3.00   318.4821
   0.00167     3.00   318.4203
   0.00333     3.00   318.1206
   0.00500     3.00   317.0550
   0.00667     3.00   313.4998
   0.00833     3.00   302.3938
   0.01000     3.00   270.8180

   0.00000     4.00   334.5706
   0.00167     4.00   334.4378
   0.00333     4.00   333.8365
   0.00500     4.00   331.9037
   0.00667     4.00   326.1585
   0.00833     4.00   310.3349
   0.01000     4.00   270.9357

   0.00000     5.00   350.5837
   0.00167     5.00   350.3432
   0.00333     5.00   349.3137
   0.00500     5.00   346.2698
   0.00667     5.00   338.0328
   0.00833     5.00   317.4734
   0.01000     5.00   271.0414

   0.00000     6.00   366.4940
   0.00167     6.00   366.1063
   0.00333     6.00   364.5223
   0.00500     6.00   360.1553
   0.00667     6.00   349.2200
   0.00833     6.00   323.9961
   0.01000     6.00   271.1380

   0.00000     7.00   382.2737
   0.00167     7.00   381.6993
   0.00333     7.00   379.4419
   0.00500     7.00   373.5749
   0.00667     7.00   359.8066
   0.00833     7.00   330.0313
   0.01000     7.00   271.2274

   0.00000     8.00   397.8966
   0.00167     8.00   397.0979
   0.00333     8.00   394.0600
   0.00500     8.00   386.5500
   0.00667     8.00   369.8667
   0.00833     8.00   335.6702
   0.01000     8.00   271.3108

   0.00000     9.00   413.3388
   0.00167     9.00   412.2815
   0.00333     9.00   408.3700
   0.00500     9.00   399.1045
   0.00667     9.00   379.4626
   0.00833     9.00   340.9792
   0.01000     9.00   271.3894

   0.00000    10.00   428.5791
   0.00167    10.00   427.2332
   0.00333    10.00   422.3693
   0.00500    10.00   411.2628
   0.00667    10.00   388.6462
   0.00833    10.00   346.0085
   0.01000    10.00   271.4638

   0.00000    11.00   443.5997
   0.00167    11.00   441.9393
   0.00333    11.00   436.0586
   0.00500    11.00   423.0482
   0.00667    11.00   397.4607
   0.00833    11.00   350.7964
   0.01000    11.00   271.5346

   0.00000    12.00   458.3856
   0.00167    12.00   456.3895
   0.00333    12.00   449.4405
   0.00500    12.00   434.4823
   0.00667    12.00   405.9424
   0.00833    12.00   355.3732
   0.01000    12.00   271.6023

   0.00000    13.00   472.9248
   0.00167    13.00   470.5758
   0.00333    13.00   462.5190
   0.00500    13.00   445.5852
   0.00667    13.00   414.1215
   0.00833    13.00   359.7629
   0.01000    13.00   271.6673

   0.00000    14.00   487.2080
   0.00167    14.00   484.4927
   0.00333    14.00   475.2992
   0.00500    14.00   456.3746
   0.00667    14.00   422.0236
   0.00833    14.00   363.9849
   0.01000    14.00   271.7297

   0.00000    15.00   501.2282
   0.00167    15.00   498.1368
   0.00333    15.00   487.7863
   0.00500    15.00   466.8668
   0.00667    15.00   429.6702
   0.00833    15.00   368.0553
   0.01000    15.00   271.7899

   0.00000    16.00   514.9807
   0.00167    16.00   511.5061
   0.00333    16.00   499.9864
   0.00500    16.00   477.0762
   0.00667    16.00   437.0799
   0.00833    16.00   371.9873
   0.01000    16.00   271.8481

   0.00000    17.00   528.4622
   0.00167    17.00   524.6002
   0.00333    17.00   511.9054
   0.00500    17.00   487.0158
   0.00667    17.00   444.2684
   0.00833    17.00   375.7918
   0.01000    17.00   271.9043

   0.00000    18.00   541.6714
   0.00167    18.00   537.4196
   0.00333    18.00   523.5494
   0.00500    18.00   496.6975
   0.00667    18.00   451.2494
   0.00833    18.00   379.4784
   0.01000    18.00   271.9588

   0.00000    19.00   554.6078
   0.00167    19.00   549.9660
   0.00333    19.00   534.9244
   0.00500    19.00   506.1316
   0.00667    19.00   458.0347
   0.00833    19.00   383.0549
   0.01000    19.00   272.0117

   0.00000    20.00   567.2724
   0.00167    20.00   562.2416
   0.00333    20.00   546.0364
   0.00500    20.00   515.3279
   0.00667    20.00   464.6346
   0.00833    20.00   386.5283
   0.01000    20.00   272.0631

   0.00000    21.00   579.6667
   0.00167    21.00   574.2494
   0.00333    21.00   556.8916
   0.00500    21.00   524.2951
   0.00667    21.00   471.0583
   0.00833    21.00   389.9043
   0.01000    21.00   272.1130

   0.00000    22.00   591.7933
   0.00167    22.00   585.9929
   0.00333    22.00   567.4956
   0.00500    22.00   533.0411
   0.00667    22.00   477.3139
   0.00833    22.00   393.1881
   0.01000    22.00   272.1616

   0.00000    23.00   603.6551
   0.00167    23.00   597.4758
   0.00333    23.00   577.8542
   0.00500    23.00   541.5735
   0.00667    23.00   483.4085
   0.00833    23.00   396.3844
   0.01000    23.00   272.2088

   0.00000    24.00   615.2555
   0.00167    24.00   608.7023
   0.00333    24.00   587.9731
   0.00500    24.00   549.8989
   0.00667    24.00   489.3485
   0.00833    24.00   399.4970
   0.01000    24.00   272.2549

   0.00000    25.00   626.5983
   0.00167    25.00   619.6767
   0.00333    25.00   597.8578
   0.00500    25.00   558.0239
   0.00667    25.00   495.1399
   0.00833    25.00   402.5296
   0.01000    25.00   272.2997

   0.00000    26.00   637.6877
   0.00167    26.00   630.4035
   0.00333    26.00   607.5137
   0.00500    26.00   565.9542
   0.00667    26.00   500.7881
   0.00833    26.00   405.4854
   0.01000    26.00   272.3434

   0.00000    27.00   648.5280
   0.00167    27.00   640.8874
   0.00333    27.00   616.9461
   0.00500    27.00   573.6956
   0.00667    27.00   506.2977
   0.00833    27.00   408.3673
   0.01000    27.00   272.3860

   0.00000    28.00   659.1236
   0.00167    28.00   651.1330
   0.00333    28.00   626.1601
   0.00500    28.00   581.2533
   0.00667    28.00   511.6735
   0.00833    28.00   411.1779
   0.01000    28.00   272.4276

   0.00000    29.00   669.4791
   0.00167    29.00   661.1452
   0.00333    29.00   635.1608
   0.00500    29.00   588.6322
   0.00667    29.00   516.9194
   0.00833    29.00   413.9197
   0.01000    29.00   272.4681

   0.00000    30.00   679.5993
   0.00167    30.00   670.9286
   0.00333    30.00   643.9532
   0.00500    30.00   595.8373
   0.00667    30.00   522.0396
   0.00833    30.00   416.5948
   0.01000    30.00   272.5077

   0.00000    31.00   689.4888
   0.00167    31.00   680.4881
   0.00333    31.00   652.5420
   0.00500    31.00   602.8730
   0.00667    31.00   527.0375
   0.00833    31.00   419.2054
   0.01000    31.00   272.5463

   0.00000    32.00   699.1524
   0.00167    32.00   689.8285
   0.00333    32.00   660.9319
   0.00500    32.00   609.7436
   0.00667    32.00   531.9167
   0.00833    32.00   421.7534
   0.01000    32.00   272.5840

   0.00000    33.00   708.5947
   0.00167    33.00   698.9543
   0.00333    33.00   669.1276
   0.00500    33.00   616.4534
   0.00667    33.00   536.6804
   0.00833    33.00   424.2406
   0.01000    33.00   272.6207

   0.00000    34.00   717.8205
   0.00167    34.00   707.8703
   0.00333    34.00   677.1335
   0.00500    34.00   623.0064
   0.00667    34.00   541.3318
   0.00833    34.00   426.6688
   0.01000    34.00   272.6566

   0.00000    35.00   726.8344
   0.00167    35.00   716.5811
   0.00333    35.00   684.9541
   0.00500    35.00   629.4064
   0.00667    35.00   545.8736
   0.00833    35.00   429.0394
   0.01000    35.00   272.6917

   0.00000    36.00   735.6410
   0.00167    36.00   725.0912
   0.00333    36.00   692.5937
   0.00500    36.00   635.6573
   0.00667    36.00   550.3089
   0.00833    36.00   431.3542
   0.01000    36.00   272.7259

   0.00000    37.00   744.2449
   0.00167    37.00   733.4052
   0.00333    37.00   700.0563
   0.00500    37.00   641.7625
   0.00667    37.00   554.6404
   0.00833    37.00   433.6145
   0.01000    37.00   272.7593

   0.00000    38.00   752.6507
   0.00167    38.00   741.5274
   0.00333    38.00   707.3462
   0.00500    38.00   647.7258
   0.00667    38.00   558.8705
   0.00833    38.00   435.8218
   0.01000    38.00   272.7920

   0.00000    39.00   760.8626
   0.00167    39.00   749.4620
   0.00333    39.00   714.4672
   0.00500    39.00   653.5503
   0.00667    39.00   563.0018
   0.00833    39.00   437.9773
   0.01000    39.00   272.8238

   0.00000    40.00   768.8851
   0.00167    40.00   757.2135
   0.00333    40.00   721.4234
   0.00500    40.00   659.2395
   0.00667    40.00   567.0369
   0.00833    40.00   440.0825
   0.01000    40.00   272.8550

   0.00000    41.00   776.7223
   0.00167    41.00   764.7859
   0.00333    41.00   728.2186
   0.00500    41.00   664.7966
   0.00667    41.00   570.9779
   0.00833    41.00   442.1385
   0.01000    41.00   272.8854

   0.00000    42.00   784.3787
   0.00167    42.00   772.1833
   0.00333    42.00   734.8564
   0.00500    42.00   670.2247
   0.00667    42.00   574.8272
   0.00833    42.00   444.1466
   0.01000    42.00   272.9151

   0.00000    43.00   791.8581
   0.00167    43.00   779.4097
   0.00333    43.00   741.3405
   0.00500    43.00   675.5269
   0.00667    43.00   578.5870
   0.00833    43.00   446.1079
   0.01000    43.00   272.9441

   0.00000    44.00   799.1647
   0.00167    44.00   786.4690
   0.00333    44.00   747.6745
   0.00500    44.00   680.7060
   0.00667    44.00   582.2594
   0.00833    44.00   448.0236
   0.01000    44.00   272.9724

   0.00000    45.00   806.3024
   0.00167    45.00   793.3651
   0.00333    45.00   753.8619
   0.00500    45.00   685.7651
   0.00667    45.00   585.8465
   0.00833    45.00   449.8947
   0.01000    45.00   273.0000

   0.00000    46.00   813.2750
   0.00167    46.00   800.1016
   0.00333    46.00   759.9060
   0.00500    46.00   690.7068
   0.00667    46.00   589.3503
   0.00833    46.00   451.7223
   0.01000    46.00   273.0271

   0.00000    47.00   820.0864
   0.00167    47.00   806.6823
   0.00333    47.00   765.8101
   0.00500    47.00   695.5340
   0.00667    47.00   592.7728
   0.00833    47.00   453.5075
   0.01000    47.00   273.0535

   0.00000    48.00   826.7402
   0.00167    48.00   813.1108
   0.00333    48.00   771.5776
   0.00500    48.00   700.2494
   0.00667    48.00   596.1159
   0.00833    48.00   455.2512
   0.01000    48.00   273.0792

   0.00000    49.00   833.2402
   0.00167    49.00   819.3905
   0.00333    49.00   777.2115
   0.00500    49.00   704.8554
   0.00667    49.00   599.3815
   0.00833    49.00   456.9545
   0.01000    49.00   273.1044

   0.00000    50.00   839.5897
   0.00167    50.00   825.5249
   0.00333    50.00   782.7149
   0.00500    50.00   709.3548
   0.00667    50.00   602.5714
   0.00833    50.00   458.6183
   0.01000    50.00   273.1290

   0.00000    51.00   845.7923
   0.00167    51.00   831.5173
   0.00333    51.00   788.0910
   0.00500    51.00   713.7499
   0.00667    51.00   605.6873
   0.00833    51.00   460.2434
   0.01000    51.00   273.1531

   0.00000    52.00   851.8513
   0.00167    52.00   837.3710
   0.00333    52.00   793.3426
   0.00500    52.00   718.0431
   0.00667    52.00   608.7310
   0.00833    52.00   461.8309
   0.01000    52.00   273.1765

   0.00000    53.00   857.7702
   0.00167    53.00   843.0893
   0.00333    53.00   798.4725
   0.00500    53.00   722.2370
   0.00667    53.00   611.7042
   0.00833    53.00   463.3816
   0.01000    53.00   273.1995

   0.00000    54.00   863.5520
   0.00167    54.00   848.6751
   0.00333    54.00   803.4838
   0.00500    54.00   726.3337
   0.00667    54.00   614.6084
   0.00833    54.00   464.8964
   0.01000    54.00   273.2219

   0.00000    55.00   869.2000
   0.00167    55.00   854.1317
   0.00333    55.00   808.3789
   0.00500    55.00   730.3355
   0.00667    55.00   617.4454
   0.00833    55.00   466.3760
   0.01000    55.00   273.2437

   0.00000    56.00   874.7173
   0.00167    56.00   859.4620
   0.00333    56.00   813.1608
   0.00500    56.00   734.2446
   0.00667    56.00   620.2167
   0.00833    56.00   467.8214
   0.01000    56.00   273.2651

   0.00000    57.00   880.1069
   0.00167    57.00   864.6688
   0.00333    57.00   817.8319
   0.00500    57.00   738.0633
   0.00667    57.00   622.9238
   0.00833    57.00   469.2333
   0.01000    57.00   273.2860

   0.00000    58.00   885.3717
   0.00167    58.00   869.7552
   0.00333    58.00   822.3949
   0.00500    58.00   741.7934
   0.00667    58.00   625.5682
   0.00833    58.00   470.6124
   0.01000    58.00   273.3064

   0.00000    59.00   890.5146
   0.00167    59.00   874.7237
   0.00333    59.00   826.8522
   0.00500    59.00   745.4372
   0.00667    59.00   628.1513
   0.00833    59.00   471.9597
   0.01000    59.00   273.3263

   0.00000    60.00   895.5385
   0.00167    60.00   879.5773
   0.00333    60.00   831.2063
   0.00500    60.00   748.9966
   0.00667    60.00   630.6746
   0.00833    60.00   473.2757
   0.01000    60.00   273.3458

   0.00000    61.00   900.4461
   0.00167    61.00   884.3185
   0.00333    61.00   835.4596
   0.00500    61.00   752.4736
   0.00667    61.00   633.1394
   0.00833    61.00   474.5612
   0.01000    61.00   273.3648

   0.00000    62.00   905.2400
   0.00167    62.00   888.9499
   0.00333    62.00   839.6144
   0.00500    62.00   755.8701
   0.00667    62.00   635.5472
   0.00833    62.00   475.8170
   0.01000    62.00   273.3833

   0.00000    63.00   909.9230
   0.00167    63.00   893.4741
   0.00333    63.00   843.6731
   0.00500    63.00   759.1880
   0.00667    63.00   637.8993
   0.00833    63.00   477.0437
   0.01000    63.00   273.4015

   0.00000    64.00   914.4975
   0.00167    64.00   897.8935
   0.00333    64.00   847.6377
   0.00500    64.00   762.4290
   0.00667    64.00   640.1968
   0.00833    64.00   478.2419
   0.01000    64.00   273.4192

   0.00000    65.00   918.9662
   0.00167    65.00   902.2106
   0.00333    65.00   851.5106
   0.00500    65.00   765.5949
   0.00667    65.00   642.4412
   0.00833    65.00   479.4125
   0.01000    65.00   273.4365

   0.00000    66.00   923.3313
   0.00167    66.00   906.4278
   0.00333    66.00   855.2938
   0.00500    66.00   768.6876
   0.00667    66.00   644.6336
   0.00833    66.00   480.5559
   0.01000    66.00   273.4534

   0.00000    67.00   927.5954
   0.00167    67.00   910.5473
   0.00333    67.00   858.9894
   0.00500    67.00   771.7087
   0.00667    67.00   646.7752
   0.00833    67.00   481.6728
   0.01000    67.00   273.4699

   0.00000    68.00   931.7608
   0.00167    68.00   914.5715
   0.00333    68.00   862.5994
   0.00500    68.00   774.6598
   0.00667    68.00   648.8672
   0.00833    68.00   482.7639
   0.01000    68.00   273.4860

   0.00000    69.00   935.8298
   0.00167    69.00   918.5025
   0.00333    69.00   866.1259
   0.00500    69.00   777.5425
   0.00667    69.00   650.9108
   0.00833    69.00   483.8297
   0.01000    69.00   273.5018

   0.00000    70.00   939.8045
   0.00167    70.00   922.3424
   0.00333    70.00   869.5707
   0.00500    70.00   780.3585
   0.00667    70.00   652.9071
   0.00833    70.00   484.8709
   0.01000    70.00   273.5172

   0.00000    71.00   943.6872
   0.00167    71.00   926.0935
   0.00333    71.00   872.9357
   0.00500    71.00   783.1094
   0.00667    71.00   654.8571
   0.00833    71.00   485.8879
   0.01000    71.00   273.5322

   0.00000    72.00   947.4800
   0.00167    72.00   929.7577
   0.00333    72.00   876.2228
   0.00500    72.00   785.7965
   0.00667    72.00   656.7620
   0.00833    72.00   486.8814
   0.01000    72.00   273.5469

   0.00000    73.00   951.1850
   0.00167    73.00   933.3371
   0.00333    73.00   879.4339
   0.00500    73.00   788.4214
   0.00667    73.00   658.6228
   0.00833    73.00   487.8519
   0.01000    73.00   273.5613

   0.00000    74.00   954.8043
   0.00167    74.00   936.8336
   0.00333    74.00   882.5705
   0.00500    74.00   790.9855
   0.00667    74.00   660.4405
   0.00833    74.00   488.7999
   0.01000    74.00   273.5753

   0.00000    75.00   958.3397
   0.00167    75.00   940.2491
   0.00333    75.00   885.6346
   0.00500    75.00   793.4903
   0.00667    75.00   662.2161
   0.00833    75.00   489.7259
   0.01000    75.00   273.5890

   0.00000    76.00   961.7932
   0.00167    76.00   943.5856
   0.00333    76.00   888.6277
   0.00500    76.00   795.9371
   0.00667    76.00   663.9507
   0.00833    76.00   490.6306
   0.01000    76.00   273.6024

   0.00000    77.00   965.1669
   0.00167    77.00   946.8448
   0.00333    77.00   891.5515
   0.00500    77.00   798.3272
   0.00667    77.00   665.6450
   0.00833    77.00   491.5142
   0.01000    77.00   273.6154

   0.00000    78.00   968.4623
   0.00167    78.00   950.0286
   0.00333    78.00   894.4076
   0.00500    78.00   800.6620
   0.00667    78.00   667.3001
   0.00833    78.00   492.3774
   0.01000    78.00   273.6282

   0.00000    79.00   971.6815
   0.00167    79.00   953.1386
   0.00333    79.00   897.1976
   0.00500    79.00   802.9427
   0.00667    79.00   668.9169
   0.00833    79.00   493.2207
   0.01000    79.00   273.6407

   0.00000    80.00   974.8262
   0.00167    80.00   956.1767
   0.00333    80.00   899.9230
   0.00500    80.00   805.1706
   0.00667    80.00   670.4963
   0.00833    80.00   494.0444
   0.01000    80.00   273.6528

   0.00000    81.00   977.8980
   0.00167    81.00   959.1444
   0.00333    81.00   902.5853
   0.00500    81.00   807.3469
   0.00667    81.00   672.0391
   0.00833    81.00   494.8490
   0.01000    81.00   273.6647

   0.00000    82.00   980.8988
   0.00167    82.00   962.0433
   0.00333    82.00   905.1859
   0.00500    82.00   809.4729
   0.00667    82.00   673.5461
   0.00833    82.00   495.6350
   0.01000    82.00   273.6764

   0.00000    83.00   983.8300
   0.00167    83.00   964.8752
   0.00333    83.00   907.7263
   0.00500    83.00   811.5496
   0.00667    83.00   675.0183
   0.00833    83.00   496.4028
   0.01000    83.00   273.6877

   0.00000    84.00   986.6934
   0.00167    84.00   967.6415
   0.00333    84.00   910.2079
   0.00500    84.00   813.5782
   0.00667    84.00   676.4564
   0.00833    84.00   497.1528
   0.01000    84.00   273.6988

   0.00000    85.00   989.4905
   0.00167    85.00   970.3437
   0.00333    85.00   912.6321
   0.00500    85.00   815.5599
   0.00667    85.00   677.8612
   0.00833    85.00   497.8855
   0.01000    85.00   273.7096

   0.00000    86.00   992.2228
   0.00167    86.00   972.9834
   0.00333    86.00   915.0001
   0.00500    86.00   817.4957
   0.00667    86.00   679.2335
   0.00833    86.00   498.6011
   0.01000    86.00   273.7202

   0.00000    87.00   994.8919
   0.00167    87.00   975.5620
   0.00333    87.00   917.3133
   0.00500    87.00   819.3866
   0.00667    87.00   680.5740
   0.00833    87.00   499.3003
   0.01000    87.00   273.7305

   0.00000    88.00   997.4991
   0.00167    88.00   978.0808
   0.00333    88.00   919.5729
   0.00500    88.00   821.2338
   0.00667    88.00   681.8834
   0.00833    88.00   499.9832
   0.01000    88.00   273.7406

   0.00000    89.00  1000.0460
   0.00167    89.00   980.5414
   0.00333    89.00   921.7803
   0.00500    89.00   823.0382
   0.00667    89.00   683.1625
   0.00833    89.00   500.6503
   0.01000    89.00   273.7505

   0.00000    90.00  1002.5340
   0.00167    90.00   982.9449
   0.00333    90.00   923.9365
   0.00500    90.00   824.8009
   0.00667    90.00   684.4121
   0.00833    90.00   501.3020
   0.01000    90.00   273.7601

   0.00000    91.00  1004.9643
   0.00167    91.00   985.2928
   0.00333    91.00   926.0428
   0.00500    91.00   826.5227
   0.00667    91.00   685.6327
   0.00833    91.00   501.9386
   0.01000    91.00   273.7696

   0.00000    92.00  1007.3383
   0.00167    92.00   987.5864
   0.00333    92.00   928.1003
   0.00500    92.00   828.2046
   0.00667    92.00   686.8250
   0.00833    92.00   502.5604
   0.01000    92.00   273.7788

   0.00000    93.00  1009.6574
   0.00167    93.00   989.8268
   0.00333    93.00   930.1102
   0.00500    93.00   829.8477
   0.00667    93.00   687.9897
   0.00833    93.00   503.1679
   0.01000    93.00   273.7877

   0.00000    94.00  1011.9228
   0.00167    94.00   992.0154
   0.00333    94.00   932.0735
   0.00500    94.00   831.4526
   0.00667    94.00   689.1275
   0.00833    94.00   503.7613
   0.01000    94.00   273.7965

   0.00000    95.00  1014.1357
   0.00167    95.00   994.1533
   0.00333    95.00   933.9914
   0.00500    95.00   833.0204
   0.00667    95.00   690.2389
   0.00833    95.00   504.3409
   0.01000    95.00   273.8051

   0.00000    96.00  1016.2974
   0.00167    96.00   996.2417
   0.00333    96.00   935.8649
   0.00500    96.00   834.5520
   0.00667    96.00   691.3246
   0.00833    96.00   504.9071
   0.01000    96.00   273.8134

   0.00000    97.00  1018.4091
   0.00167    97.00   998.2818
   0.00333    97.00   937.6950
   0.00500    97.00   836.0480
   0.00667    97.00   692.3851
   0.00833    97.00   505.4603
   0.01000    97.00   273.8216

   0.00000    98.00  1020.4718
   0.00167    98.00  1000.2746
   0.00333    98.00   939.4827
   0.00500    98.00   837.5094
   0.00667    98.00   693.4211
   0.00833    98.00   506.0006
   0.01000    98.00   273.8296

   0.00000    99.00  1022.4868
   0.00167    99.00  1002.2213
   0.00333    99.00   941.2290
   0.00500    99.00   838.9370
   0.00667    99.00   694.4331
   0.00833    99.00   506.5284
   0.01000    99.00   273.8374

   0.00000   100.00  1024.4552
   0.00167   100.00  1004.1229
   0.00333   100.00   942.9349
   0.00500   100.00   840.3315
   0.00667   100.00   695.4217
   0.00833   100.00   507.0439
   0.01000   100.00   273.8450

   0.00000   101.00  1026.3780
   0.00167   101.00  1005.9804
   0.00333   101.00   944.6014
   0.00500   101.00   841.6938
   0.00667   101.00   696.3874
   0.00833   101.00   507.5476
   0.01000   101.00   273.8525

   0.00000   102.00  1028.2562
   0.00167   102.00  1007.7950
   0.00333   102.00   946.2292
   0.00500   102.00   843.0244
   0.00667   102.00   697.3307
   0.00833   102.00   508.0396
   0.01000   102.00   273.8598

   0.00000   103.00  1030.0910
   0.00167   103.00  1009.5676
   0.00333   103.00   947.8193
   0.00500   103.00   844.3243
   0.00667   103.00   698.2522
   0.00833   103.00   508.5202
   0.01000   103.00   273.8669

   0.00000   104.00  1031.8833
   0.00167   104.00  1011.2991
   0.00333   104.00   949.3726
   0.00500   104.00   845.5941
   0.00667   104.00   699.1523
   0.00833   104.00   508.9896
   0.01000   104.00   273.8738

   0.00000   105.00  1033.6340
   0.00167   105.00  1012.9905
   0.00333   105.00   950.8900
   0.00500   105.00   846.8345
   0.00667   105.00   700.0316
   0.00833   105.00   509.4482
   0.01000   105.00   273.8806

   0.00000   106.00  1035.3443
   0.00167   106.00  1014.6428
   0.00333   106.00   952.3722
   0.00500   106.00   848.0462
   0.00667   106.00   700.8906
   0.00833   106.00   509.8962
   0.01000   106.00   273.8872

   0.00000   107.00  1037.0149
   0.00167   107.00  1016.2568
   0.00333   107.00   953.8201
   0.00500   107.00   849.2298
   0.00667   107.00   701.7296
   0.00833   107.00   510.3338
   0.01000   107.00   273.8937

   0.00000   108.00  1038.6469
   0.00167   108.00  1017.8334
   0.00333   108.00   955.2345
   0.00500   108.00   850.3860
   0.00667   108.00   702.5492
   0.00833   108.00   510.7613
   0.01000   108.00   273.9000

   0.00000   109.00  1040.2411
   0.00167   109.00  1019.3735
   0.00333   109.00   956.6161
   0.00500   109.00   851.5154
   0.00667   109.00   703.3499
   0.00833   109.00   511.1788
   0.01000   109.00   273.9062

   0.00000   110.00  1041.7984
   0.00167   110.00  1020.8780
   0.00333   110.00   957.9658
   0.00500   110.00   852.6187
   0.00667   110.00   704.1320
   0.00833   110.00   511.5867
   0.01000   110.00   273.9122

   0.00000   111.00  1043.3196
   0.00167   111.00  1022.3476
   0.00333   111.00   959.2842
   0.00500   111.00   853.6965
   0.00667   111.00   704.8960
   0.00833   111.00   511.9852
   0.01000   111.00   273.9181

   0.00000   112.00  1044.8056
   0.00167   112.00  1023.7832
   0.00333   112.00   960.5720
   0.00500   112.00   854.7493
   0.00667   112.00   705.6423
   0.00833   112.00   512.3744
   0.01000   112.00   273.9239

   0.00000   113.00  1046.2572
   0.00167   113.00  1025.1856
   0.00333   113.00   961.8301
   0.00500   113.00   855.7777
   0.00667   113.00   706.3714
   0.00833   113.00   512.7546
   0.01000   113.00   273.9295

   0.00000   114.00  1047.6752
   0.00167   114.00  1026.5555
   0.00333   114.00   963.0590
   0.00500   114.00   856.7823
   0.00667   114.00   707.0835
   0.00833   114.00   513.1261
   0.01000   114.00   273.9350

   0.00000   115.00  1049.0603
   0.00167   115.00  1027.8937
   0.00333   115.00   964.2595
   0.00500   115.00   857.7636
   0.00667   115.00   707.7792
   0.00833   115.00   513.4889
   0.01000   115.00   273.9403

   0.00000   116.00  1050.4134
   0.00167   116.00  1029.2009
   0.00333   116.00   965.4321
   0.00500   116.00   858.7222
   0.00667   116.00   708.4588
   0.00833   116.00   513.8433
   0.01000   116.00   273.9456

   0.00000   117.00  1051.7351
   0.00167   117.00  1030.4778
   0.00333   117.00   966.5777
   0.00500   117.00   859.6587
   0.00667   117.00   709.1226
   0.00833   117.00   514.1895
   0.01000   117.00   273.9507

   0.00000   118.00  1053.0263
   0.00167   118.00  1031.7252
   0.00333   118.00   967.6967
   0.00500   118.00   860.5734
   0.00667   118.00   709.7711
   0.00833   118.00   514.5277
   0.01000   118.00   273.9557

   0.00000   119.00  1054.2875
   0.00167   119.00  1032.9437
   0.00333   119.00   968.7897
   0.00500   119.00   861.4670
   0.00667   119.00   710.4045
   0.00833   119.00   514.8581
   0.01000   119.00   273.9606

   0.00000   120.00  1055.5196
   0.00167   120.00  1034.1339
   0.00333   120.00   969.8575
   0.00500   120.00   862.3399
   0.00667   120.00   711.0233
   0.00833   120.00   515.1808
   0.01000   120.00   273.9654

   0.00000   121.00  1056.7231
   0.00167   121.00  1035.2967
   0.00333   121.00   970.9006
   0.00500   121.00   863.1925
   0.00667   121.00   711.6277
   0.00833   121.00   515.4960
   0.01000   121.00   273.9700

   0.00000   122.00  1057.8988
   0.00167   122.00  1036.4325
   0.00333   122.00   971.9195
   0.00500   122.00   864.0254
   0.00667   122.00   712.2182
   0.00833   122.00   515.8040
   0.01000   122.00   273.9746

   0.00000   123.00  1059.0472
   0.00167   123.00  1037.5420
   0.00333   123.00   972.9148
   0.00500   123.00   864.8391
   0.00667   123.00   712.7950
   0.00833   123.00   516.1048
   0.01000   123.00   273.9790

   0.00000   124.00  1060.1690
   0.00167   124.00  1038.6258
   0.00333   124.00   973.8871
   0.00500   124.00   865.6339
   0.00667   124.00   713.3584
   0.00833   124.00   516.3987
   0.01000   124.00   273.9834

   0.00000   125.00  1061.2649
   0.00167   125.00  1039.6845
   0.00333   125.00   974.8368
   0.00500   125.00   866.4103
   0.00667   125.00   713.9088
   0.00833   125.00   516.6857
   0.01000   125.00   273.9876

   0.00000   126.00  1062.3354
   0.00167   126.00  1040.7187
   0.00333   126.00   975.7646
   0.00500   126.00   867.1687
   0.00667   126.00   714.4464
   0.00833   126.00   516.9661
   0.01000   126.00   273.9917

   0.00000   127.00  1063.3811
   0.00167   127.00  1041.7289
   0.00333   127.00   976.6709
   0.00500   127.00   867.9096
   0.00667   127.00   714.9716
   0.00833   127.00   517.2400
   0.01000   127.00   273.9958

   0.00000   128.00  1064.4026
   0.00167   128.00  1042.7158
   0.00333   128.00   977.5562
   0.00500   128.00   868.6333
   0.00667   128.00   715.4847
   0.00833   128.00   517.5076
   0.01000   128.00   273.9998

   0.00000   129.00  1065.4005
   0.00167   129.00  1043.6798
   0.00333   129.00   978.4210
   0.00500   129.00   869.3402
   0.00667   129.00   715.9858
   0.00833   129.00   517.7690
   0.01000   129.00   274.0036

   0.00000   130.00  1066.3752
   0.00167   130.00  1044.6215
   0.00333   130.00   979.2658
   0.00500   130.00   870.0308
   0.00667   130.00   716.4754
   0.00833   130.00   518.0243
   0.01000   130.00   274.0074

   0.00000   131.00  1067.3274
   0.00167   131.00  1045.5414
   0.00333   131.00   980.0910
   0.00500   131.00   870.7054
   0.00667   131.00   716.9536
   0.00833   131.00   518.2737
   0.01000   131.00   274.0111

   0.00000   132.00  1068.2575
   0.00167   132.00  1046.4400
   0.00333   132.00   980.8971
   0.00500   132.00   871.3644
   0.00667   132.00   717.4207
   0.00833   132.00   518.5173
   0.01000   132.00   274.0147

   0.00000   133.00  1069.1661
   0.00167   133.00  1047.3178
   0.00333   133.00   981.6846
   0.00500   133.00   872.0081
   0.00667   133.00   717.8770
   0.00833   133.00   518.7553
   0.01000   133.00   274.0182

   0.00000   134.00  1070.0537
   0.00167   134.00  1048.1753
   0.00333   134.00   982.4538
   0.00500   134.00   872.6369
   0.00667   134.00   718.3228
   0.00833   134.00   518.9878
   0.01000   134.00   274.0216

   0.00000   135.00  1070.9207
   0.00167   135.00  1049.0129
   0.00333   135.00   983.2052
   0.00500   135.00   873.2512
   0.00667   135.00   718.7583
   0.00833   135.00   519.2149
   0.01000   135.00   274.0250

   0.00000   136.00  1071.7676
   0.00167   136.00  1049.8311
   0.00333   136.00   983.9392
   0.00500   136.00   873.8512
   0.00667   136.00   719.1836
   0.00833   136.00   519.4367
   0.01000   136.00   274.0283

   0.00000   137.00  1072.5950
   0.00167   137.00  1050.6304
   0.00333   137.00   984.6563
   0.00500   137.00   874.4373
   0.00667   137.00   719.5991
   0.00833   137.00   519.6534
   0.01000   137.00   274.0315

   0.00000   138.00  1073.4031
   0.00167   138.00  1051.4111
   0.00333   138.00   985.3567
   0.00500   138.00   875.0099
   0.00667   138.00   720.0050
   0.00833   138.00   519.8651
   0.01000   138.00   274.0346

   0.00000   139.00  1074.1926
   0.00167   139.00  1052.1738
   0.00333   139.00   986.0409
   0.00500   139.00   875.5692
   0.00667   139.00   720.4015
   0.00833   139.00   520.0719
   0.01000   139.00   274.0377

   0.00000   140.00  1074.9638
   0.00167   140.00  1052.9188
   0.00333   140.00   986.7092
   0.00500   140.00   876.1156
   0.00667   140.00   720.7888
   0.00833   140.00   520.2739
   0.01000   140.00   274.0407

   0.00000   141.00  1075.7171
   0.00167   141.00  1053.6466
   0.00333   141.00   987.3621
   0.00500   141.00   876.6493
   0.00667   141.00   721.1672
   0.00833   141.00   520.4712
   0.01000   141.00   274.0436

   0.00000   142.00  1076.4530
   0.00167   142.00  1054.3576
   0.00333   142.00   987.9999
   0.00500   142.00   877.1706
   0.00667   142.00   721.5368
   0.00833   142.00   520.6640
   0.01000   142.00   274.0464

   0.00000   143.00  1077.1718
   0.00167   143.00  1055.0520
   0.00333   143.00   988.6229
   0.00500   143.00   877.6799
   0.00667   143.00   721.8978
   0.00833   143.00   520.8523
   0.01000   143.00   274.0492

   0.00000   144.00  1077.8740
   0.00167   144.00  1055.7304
   0.00333   144.00   989.2315
   0.00500   144.00   878.1774
   0.00667   144.00   722.2505
   0.00833   144.00   521.0362
   0.01000   144.00   274.0519

   0.00000   145.00  1078.5600
   0.00167   145.00  1056.3931
   0.00333   145.00   989.8260
   0.00500   145.00   878.6634
   0.00667   145.00   722.5950
   0.00833   145.00   521.2159
   0.01000   145.00   274.0546

   0.00000   146.00  1079.2300
   0.00167   146.00  1057.0404
   0.00333   146.00   990.4067
   0.00500   146.00   879.1381
   0.00667   146.00   722.9315
   0.00833   146.00   521.3914
   0.01000   146.00   274.0572

   0.00000   147.00  1079.8846
   0.00167   147.00  1057.6728
   0.00333   147.00   990.9739
   0.00500   147.00   879.6018
   0.00667   147.00   723.2602
   0.00833   147.00   521.5628
   0.01000   147.00   274.0597

   0.00000   148.00  1080.5240
   0.00167   148.00  1058.2905
   0.00333   148.00   991.5281
   0.00500   148.00   880.0548
   0.00667   148.00   723.5813
   0.00833   148.00   521.7303
   0.01000   148.00   274.0622

   0.00000   149.00  1081.1486
   0.00167   149.00  1058.8939
   0.00333   149.00   992.0694
   0.00500   149.00   880.4973
   0.00667   149.00   723.8950
   0.00833   149.00   521.8939
   0.01000   149.00   274.0646

   0.00000   150.00  1081.7587
   0.00167   150.00  1059.4834
   0.00333   150.00   992.5982
   0.00500   150.00   880.9296
   0.00667   150.00   724.2015
   0.00833   150.00   522.0537
   0.01000   150.00   274.0670

   0.00000   151.00  1082.3547
   0.00167   151.00  1060.0591
   0.00333   151.00   993.1147
   0.00500   151.00   881.3518
   0.00667   151.00   724.5008
   0.00833   151.00   522.2099
   0.01000   151.00   274.0693

   0.00000   152.00  1082.9369
   0.00167   152.00  1060.6216
   0.00333   152.00   993.6193
   0.00500   152.00   881.7643
   0.00667   152.00   724.7932
   0.00833   152.00   522.3624
   0.01000   152.00   274.0715

   0.00000   153.00  1083.5056
   0.00167   153.00  1061.1710
   0.00333   153.00   994.1122
   0.00500   153.00   882.1672
   0.00667   153.00   725.0788
   0.00833   153.00   522.5113
   0.01000   153.00   274.0737

   0.00000   154.00  1084.0612
   0.00167   154.00  1061.7078
   0.00333   154.00   994.5937
   0.00500   154.00   882.5608
   0.00667   154.00   725.3578
   0.00833   154.00   522.6568
   0.01000   154.00   274.0759

   0.00000   155.00  1084.6038
   0.00167   155.00  1062.2320
   0.00333   155.00   995.0640
   0.00500   155.00   882.9453
   0.00667   155.00   725.6304
   0.00833   155.00   522.7990
   0.01000   155.00   274.0780

   0.00000   156.00  1085.1340
   0.00167   156.00  1062.7442
   0.00333   156.00   995.5234
   0.00500   156.00   883.3209
   0.00667   156.00   725.8966
   0.00833   156.00   522.9378
   0.01000   156.00   274.0800

   0.00000   157.00  1085.6518
   0.00167   157.00  1063.2445
   0.00333   157.00   995.9722
   0.00500   157.00   883.6878
   0.00667   157.00   726.1567
   0.00833   157.00   523.0735
   0.01000   157.00   274.0821

   0.00000   158.00  1086.1577
   0.00167   158.00  1063.7332
   0.00333   158.00   996.4107
   0.00500   158.00   884.0462
   0.00667   158.00   726.4108
   0.00833   158.00   523.2060
   0.01000   158.00   274.0840

   0.00000   159.00  1086.6518
   0.00167   159.00  1064.2106
   0.00333   159.00   996.8389
   0.00500   159.00   884.3963
   0.00667   159.00   726.6590
   0.00833   159.00   523.3354
   0.01000   159.00   274.0859

   0.00000   160.00  1087.1345
   0.00167   160.00  1064.6769
   0.00333   160.00   997.2573
   0.00500   160.00   884.7382
   0.00667   160.00   726.9014
   0.00833   160.00   523.4619
   0.01000   160.00   274.0878

   0.00000   161.00  1087.6061
   0.00167   161.00  1065.1325
   0.00333   161.00   997.6659
   0.00500   161.00   885.0723
   0.00667   161.00   727.1382
   0.00833   161.00   523.5854
   0.01000   161.00   274.0896

   0.00000   162.00  1088.0667
   0.00167   162.00  1065.5775
   0.00333   162.00   998.0651
   0.00500   162.00   885.3986
   0.00667   162.00   727.3695
   0.00833   162.00   523.7060
   0.01000   162.00   274.0914

   0.00000   163.00  1088.5166
   0.00167   163.00  1066.0122
   0.00333   163.00   998.4551
   0.00500   163.00   885.7174
   0.00667   163.00   727.5955
   0.00833   163.00   523.8239
   0.01000   163.00   274.0931

   0.00000   164.00  1088.9562
   0.00167   164.00  1066.4368
   0.00333   164.00   998.8360
   0.00500   164.00   886.0288
   0.00667   164.00   727.8163
   0.00833   164.00   523.9390
   0.01000   164.00   274.0948

   0.00000   165.00  1089.3855
   0.00167   165.00  1066.8516
   0.00333   165.00   999.2081
   0.00500   165.00   886.3330
   0.00667   165.00   728.0319
   0.00833   165.00   524.0515
   0.01000   165.00   274.0965

   0.00000   166.00  1089.8049
   0.00167   166.00  1067.2568
   0.00333   166.00   999.5716
   0.00500   166.00   886.6301
   0.00667   166.00   728.2426
   0.00833   166.00   524.1613
   0.01000   166.00   274.0981

   0.00000   167.00  1090.2146
   0.00167   167.00  1067.6526
   0.00333   167.00   999.9267
   0.00500   167.00   886.9204
   0.00667   167.00   728.4483
   0.00833   167.00   524.2686
   0.01000   167.00   274.0997

   0.00000   168.00  1090.6148
   0.00167   168.00  1068.0392
   0.00333   168.00  1000.2735
   0.00500   168.00   887.2040
   0.00667   168.00   728.6493
   0.00833   168.00   524.3735
   0.01000   168.00   274.1013

   0.00000   169.00  1091.0058
   0.00167   169.00  1068.4169
   0.00333   169.00  1000.6124
   0.00500   169.00   887.4809
   0.00667   169.00   728.8457
   0.00833   169.00   524.4759
   0.01000   169.00   274.1028

   0.00000   170.00  1091.3877
   0.00167   170.00  1068.7859
   0.00333   170.00  1000.9433
   0.00500   170.00   887.7515
   0.00667   170.00   729.0375
   0.00833   170.00   524.5759
   0.01000   170.00   274.1043

   0.00000   171.00  1091.7607
   0.00167   171.00  1069.1463
   0.00333   171.00  1001.2667
   0.00500   171.00   888.0158
   0.00667   171.00   729.2248
   0.00833   171.00   524.6736
   0.01000   171.00   274.1057

   0.00000   172.00  1092.1252
   0.00167   172.00  1069.4983
   0.00333   172.00  1001.5825
   0.00500   172.00   888.2740
   0.00667   172.00   729.4079
   0.00833   172.00   524.7691
   0.01000   172.00   274.1071

   0.00000   173.00  1092.4811
   0.00167   173.00  1069.8422
   0.00333   173.00  1001.8910
   0.00500   173.00   888.5262
   0.00667   173.00   729.5866
   0.00833   173.00   524.8623
   0.01000   173.00   274.1085

   0.00000   174.00  1092.8289
   0.00167   174.00  1070.1782
   0.00333   174.00  1002.1924
   0.00500   174.00   888.7725
   0.00667   174.00   729.7613
   0.00833   174.00   524.9534
   0.01000   174.00   274.1098

   0.00000   175.00  1093.1686
   0.00167   175.00  1070.5064
   0.00333   175.00  1002.4868
   0.00500   175.00   889.0132
   0.00667   175.00   729.9319
   0.00833   175.00   525.0424
   0.01000   175.00   274.1112

   0.00000   176.00  1093.5004
   0.00167   176.00  1070.8269
   0.00333   176.00  1002.7744
   0.00500   176.00   889.2483
   0.00667   176.00   730.0985
   0.00833   176.00   525.1293
   0.01000   176.00   274.1124

   0.00000   177.00  1093.8245
   0.00167   177.00  1071.1401
   0.00333   177.00  1003.0553
   0.00500   177.00   889.4779
   0.00667   177.00   730.2613
   0.00833   177.00   525.2142
   0.01000   177.00   274.1137

   0.00000   178.00  1094.1412
   0.00167   178.00  1071.4460
   0.00333   178.00  1003.3297
   0.00500   178.00   889.7023
   0.00667   178.00   730.4204
   0.00833   178.00   525.2971
   0.01000   178.00   274.1149

   0.00000   179.00  1094.4505
   0.00167   179.00  1071.7448
   0.00333   179.00  1003.5978
   0.00500   179.00   889.9214
   0.00667   179.00   730.5757
   0.00833   179.00   525.3782
   0.01000   179.00   274.1161

   0.00000   180.00  1094.7526
   0.00167   180.00  1072.0367
   0.00333   180.00  1003.8596
   0.00500   180.00   890.1355
   0.00667   180.00   730.7274
   0.00833   180.00   525.4573
   0.01000   180.00   274.1173

   0.00000   181.00  1095.0477
   0.00167   181.00  1072.3218
   0.00333   181.00  1004.1154
   0.00500   181.00   890.3446
   0.00667   181.00   730.8757
   0.00833   181.00   525.5346
   0.01000   181.00   274.1184

   0.00000   182.00  1095.3361
   0.00167   182.00  1072.6004
   0.00333   182.00  1004.3653
   0.00500   182.00   890.5488
   0.00667   182.00   731.0205
   0.00833   182.00   525.6101
   0.01000   182.00   274.1196

   0.00000   183.00  1095.6177
   0.00167   183.00  1072.8724
   0.00333   183.00  1004.6094
   0.00500   183.00   890.7484
   0.00667   183.00   731.1619
   0.00833   183.00   525.6839
   0.01000   183.00   274.1206

   0.00000   184.00  1095.8928
   0.00167   184.00  1073.1382
   0.00333   184.00  1004.8478
   0.00500   184.00   890.9433
   0.00667   184.00   731.3001
   0.00833   184.00   525.7560
   0.01000   184.00   274.1217

   0.00000   185.00  1096.1616
   0.00167   185.00  1073.3979
   0.00333   185.00  1005.0807
   0.00500   185.00   891.1337
   0.00667   185.00   731.4351
   0.00833   185.00   525.8264
   0.01000   185.00   274.1228

   0.00000   186.00  1096.4241
   0.00167   186.00  1073.6515
   0.00333   186.00  1005.3082
   0.00500   186.00   891.3197
   0.00667   186.00   731.5669
   0.00833   186.00   525.8951
   0.01000   186.00   274.1238

   0.00000   187.00  1096.6805
   0.00167   187.00  1073.8992
   0.00333   187.00  1005.5305
   0.00500   187.00   891.5013
   0.00667   187.00   731.6957
   0.00833   187.00   525.9623
   0.01000   187.00   274.1248

   0.00000   188.00  1096.9310
   0.00167   188.00  1074.1412
   0.00333   188.00  1005.7476
   0.00500   188.00   891.6788
   0.00667   188.00   731.8215
   0.00833   188.00   526.0279
   0.01000   188.00   274.1257

   0.00000   189.00  1097.1757
   0.00167   189.00  1074.3777
   0.00333   189.00  1005.9597
   0.00500   189.00   891.8522
   0.00667   189.00   731.9444
   0.00833   189.00   526.0920
   0.01000   189.00   274.1267

   0.00000   190.00  1097.4148
   0.00167   190.00  1074.6086
   0.00333   190.00  1006.1669
   0.00500   190.00   892.0215
   0.00667   190.00   732.0645
   0.00833   190.00   526.1546
   0.01000   190.00   274.1276

   0.00000   191.00  1097.6483
   0.00167   191.00  1074.8342
   0.00333   191.00  1006.3692
   0.00500   191.00   892.1870
   0.00667   191.00   732.1818
   0.00833   191.00   526.2158
   0.01000   191.00   274.1285

   0.00000   192.00  1097.8764
   0.00167   192.00  1075.0546
   0.00333   192.00  1006.5669
   0.00500   192.00   892.3486
   0.00667   192.00   732.2963
   0.00833   192.00   526.2755
   0.01000   192.00   274.1294

   0.00000   193.00  1098.0992
   0.00167   193.00  1075.2698
   0.00333   193.00  1006.7600
   0.00500   193.00   892.5064
   0.00667   193.00   732.4082
   0.00833   193.00   526.3339
   0.01000   193.00   274.1303

   0.00000   194.00  1098.3169
   0.00167   194.00  1075.4801
   0.00333   194.00  1006.9487
   0.00500   194.00   892.6607
   0.00667   194.00   732.5175
   0.00833   194.00   526.3909
   0.01000   194.00   274.1311

   0.00000   195.00  1098.5295
   0.00167   195.00  1075.6855
   0.00333   195.00  1007.1329
   0.00500   195.00   892.8113
   0.00667   195.00   732.6243
   0.00833   195.00   526.4466
   0.01000   195.00   274.1319

   0.00000   196.00  1098.7372
   0.00167   196.00  1075.8862
   0.00333   196.00  1007.3129
   0.00500   196.00   892.9584
   0.00667   196.00   732.7286
   0.00833   196.00   526.5010
   0.01000   196.00   274.1327

   0.00000   197.00  1098.9401
   0.00167   197.00  1076.0822
   0.00333   197.00  1007.4888
   0.00500   197.00   893.1022
   0.00667   197.00   732.8305
   0.00833   197.00   526.5542
   0.01000   197.00   274.1335

   0.00000   198.00  1099.1383
   0.00167   198.00  1076.2736
   0.00333   198.00  1007.6605
   0.00500   198.00   893.2426
   0.00667   198.00   732.9301
   0.00833   198.00   526.6061
   0.01000   198.00   274.1343

   0.00000   199.00  1099.3319
   0.00167   199.00  1076.4607
   0.00333   199.00  1007.8283
   0.00500   199.00   893.3798
   0.00667   199.00   733.0273
   0.00833   199.00   526.6568
   0.01000   199.00   274.1350

   0.00000   200.00  1099.5210
   0.00167   200.00  1076.6434
   0.00333   200.00  1007.9922
   0.00500   200.00   893.5137
   0.00667   200.00   733.1223
   0.00833   200.00   526.7063
   0.01000   200.00   274.1358

   0.00000   201.00  1099.7057
   0.00167   201.00  1076.8219
   0.00333   201.00  1008.1523
   0.00500   201.00   893.6446
   0.00667   201.00   733.2151
   0.00833   201.00   526.7547
   0.01000   201.00   274.1365

   0.00000   202.00  1099.8862
   0.00167   202.00  1076.9962
   0.00333   202.00  1008.3088
   0.00500   202.00   893.7725
   0.00667   202.00   733.3057
   0.00833   202.00   526.8020
   0.01000   202.00   274.1372

   0.00000   203.00  1100.0625
   0.00167   203.00  1077.1665
   0.00333   203.00  1008.4615
   0.00500   203.00   893.8974
   0.00667   203.00   733.3943
   0.00833   203.00   526.8481
   0.01000   203.00   274.1379

   0.00000   204.00  1100.2347
   0.00167   204.00  1077.3329
   0.00333   204.00  1008.6108
   0.00500   204.00   894.0194
   0.00667   204.00   733.4807
   0.00833   204.00   526.8933
   0.01000   204.00   274.1385

   0.00000   205.00  1100.4029
   0.00167   205.00  1077.4954
   0.00333   205.00  1008.7566
   0.00500   205.00   894.1386
   0.00667   205.00   733.5652
   0.00833   205.00   526.9373
   0.01000   205.00   274.1392

   0.00000   206.00  1100.5672
   0.00167   206.00  1077.6541
   0.00333   206.00  1008.8990
   0.00500   206.00   894.2550
   0.00667   206.00   733.6478
   0.00833   206.00   526.9804
   0.01000   206.00   274.1398

   0.00000   207.00  1100.7277
   0.00167   207.00  1077.8092
   0.00333   207.00  1009.0381
   0.00500   207.00   894.3687
   0.00667   207.00   733.7284
   0.00833   207.00   527.0224
   0.01000   207.00   274.1404

   0.00000   208.00  1100.8845
   0.00167   208.00  1077.9607
   0.00333   208.00  1009.1740
   0.00500   208.00   894.4798
   0.00667   208.00   733.8071
   0.00833   208.00   527.0635
   0.01000   208.00   274.1410

   0.00000   209.00  1101.0377
   0.00167   209.00  1078.1087
   0.00333   209.00  1009.3067
   0.00500   209.00   894.5883
   0.00667   209.00   733.8840
   0.00833   209.00   527.1036
   0.01000   209.00   274.1416

   0.00000   210.00  1101.1873
   0.00167   210.00  1078.2532
   0.00333   210.00  1009.4364
   0.00500   210.00   894.6943
   0.00667   210.00   733.9592
   0.00833   210.00   527.1428
   0.01000   210.00   274.1422

   0.00000   211.00  1101.3335
   0.00167   211.00  1078.3944
   0.00333   211.00  1009.5631
   0.00500   211.00   894.7979
   0.00667   211.00   734.0326
   0.00833   211.00   527.1811
   0.01000   211.00   274.1428

   0.00000   212.00  1101.4763
   0.00167   212.00  1078.5324
   0.00333   212.00  1009.6868
   0.00500   212.00   894.8990
   0.00667   212.00   734.1043
   0.00833   212.00   527.2185
   0.01000   212.00   274.1433

   0.00000   213.00  1101.6157
   0.00167   213.00  1078.6671
   0.00333   213.00  1009.8077
   0.00500   213.00   894.9978
   0.00667   213.00   734.1744
   0.00833   213.00   527.2550
   0.01000   213.00   274.1439

   0.00000   214.00  1101.7520
   0.00167   214.00  1078.7987
   0.00333   214.00  1009.9258
   0.00500   214.00   895.0943
   0.00667   214.00   734.2428
   0.00833   214.00   527.2907
   0.01000   214.00   274.1444

   0.00000   215.00  1101.8851
   0.00167   215.00  1078.9273
   0.00333   215.00  1010.0411
   0.00500   215.00   895.1886
   0.00667   215.00   734.3096
   0.00833   215.00   527.3255
   0.01000   215.00   274.1449

   0.00000   216.00  1102.0151
   0.00167   216.00  1079.0529
   0.00333   216.00  1010.1538
   0.00500   216.00   895.2807
   0.00667   216.00   734.3749
   0.00833   216.00   527.3596
   0.01000   216.00   274.1454

   0.00000   217.00  1102.1421
   0.00167   217.00  1079.1756
   0.00333   217.00  1010.2638
   0.00500   217.00   895.3707
   0.00667   217.00   734.4387
   0.00833   217.00   527.3929
   0.01000   217.00   274.1459

   0.00000   218.00  1102.2661
   0.00167   218.00  1079.2954
   0.00333   218.00  1010.3714
   0.00500   218.00   895.4586
   0.00667   218.00   734.5010
   0.00833   218.00   527.4254
   0.01000   218.00   274.1464

   0.00000   219.00  1102.3873
   0.00167   219.00  1079.4125
   0.00333   219.00  1010.4764
   0.00500   219.00   895.5445
   0.00667   219.00   734.5619
   0.00833   219.00   527.4571
   0.01000   219.00   274.1469

   0.00000   220.00  1102.5057
   0.00167   220.00  1079.5269
   0.00333   220.00  1010.5790
   0.00500   220.00   895.6283
   0.00667   220.00   734.6213
   0.00833   220.00   527.4881
   0.01000   220.00   274.1473

   0.00000   221.00  1102.6213
   0.00167   221.00  1079.6386
   0.00333   221.00  1010.6792
   0.00500   221.00   895.7102
   0.00667   221.00   734.6794
   0.00833   221.00   527.5184
   0.01000   221.00   274.1478

   0.00000   222.00  1102.7343
   0.00167   222.00  1079.7477
   0.00333   222.00  1010.7771
   0.00500   222.00   895.7903
   0.00667   222.00   734.7361
   0.00833   222.00   527.5480
   0.01000   222.00   274.1482

   0.00000   223.00  1102.8446
   0.00167   223.00  1079.8543
   0.00333   223.00  1010.8727
   0.00500   223.00   895.8684
   0.00667   223.00   734.7915
   0.00833   223.00   527.5769
   0.01000   223.00   274.1486

   0.00000   224.00  1102.9524
   0.00167   224.00  1079.9585
   0.00333   224.00  1010.9661
   0.00500   224.00   895.9448
   0.00667   224.00   734.8457
   0.00833   224.00   527.6051
   0.01000   224.00   274.1491

   0.00000   225.00  1103.0577
   0.00167   225.00  1080.0602
   0.00333   225.00  1011.0574
   0.00500   225.00   896.0194
   0.00667   225.00   734.8986
   0.00833   225.00   527.6327
   0.01000   225.00   274.1495

   0.00000   226.00  1103.1606
   0.00167   226.00  1080.1595
   0.00333   226.00  1011.1465
   0.00500   226.00   896.0923
   0.00667   226.00   734.9502
   0.00833   226.00   527.6596
   0.01000   226.00   274.1499

   0.00000   227.00  1103.2610
   0.00167   227.00  1080.2566
   0.00333   227.00  1011.2336
   0.00500   227.00   896.1635
   0.00667   227.00   735.0007
   0.00833   227.00   527.6860
   0.01000   227.00   274.1502

   0.00000   228.00  1103.3592
   0.00167   228.00  1080.3514
   0.00333   228.00  1011.3187
   0.00500   228.00   896.2330
   0.00667   228.00   735.0500
   0.00833   228.00   527.7117
   0.01000   228.00   274.1506

   0.00000   229.00  1103.4550
   0.00167   229.00  1080.4441
   0.00333   229.00  1011.4018
   0.00500   229.00   896.3009
   0.00667   229.00   735.0981
   0.00833   229.00   527.7368
   0.01000   229.00   274.1510

   0.00000   230.00  1103.5487
   0.00167   230.00  1080.5345
   0.00333   230.00  1011.4829
   0.00500   230.00   896.3673
   0.00667   230.00   735.1452
   0.00833   230.00   527.7613
   0.01000   230.00   274.1514

   0.00000   231.00  1103.6402
   0.00167   231.00  1080.6229
   0.00333   231.00  1011.5622
   0.00500   231.00   896.4321
   0.00667   231.00   735.1911
   0.00833   231.00   527.7853
   0.01000   231.00   274.1517

   0.00000   232.00  1103.7296
   0.00167   232.00  1080.7093
   0.00333   232.00  1011.6397
   0.00500   232.00   896.4954
   0.00667   232.00   735.2360
   0.00833   232.00   527.8087
   0.01000   232.00   274.1521

   0.00000   233.00  1103.8169
   0.00167   233.00  1080.7936
   0.00333   233.00  1011.7153
   0.00500   233.00   896.5573
   0.00667   233.00   735.2798
   0.00833   233.00   527.8316
   0.01000   233.00   274.1524

   0.00000   234.00  1103.9021
   0.00167   234.00  1080.8760
   0.00333   234.00  1011.7892
   0.00500   234.00   896.6177
   0.00667   234.00   735.3227
   0.00833   234.00   527.8539
   0.01000   234.00   274.1527

   0.00000   235.00  1103.9854
   0.00167   235.00  1080.9565
   0.00333   235.00  1011.8614
   0.00500   235.00   896.6767
   0.00667   235.00   735.3645
   0.00833   235.00   527.8757
   0.01000   235.00   274.1531

   0.00000   236.00  1104.0668
   0.00167   236.00  1081.0351
   0.00333   236.00  1011.9320
   0.00500   236.00   896.7343
   0.00667   236.00   735.4054
   0.00833   236.00   527.8970
   0.01000   236.00   274.1534

   0.00000   237.00  1104.1463
   0.00167   237.00  1081.1119
   0.00333   237.00  1012.0009
   0.00500   237.00   896.7907
   0.00667   237.00   735.4453
   0.00833   237.00   527.9178
   0.01000   237.00   274.1537

   0.00000   238.00  1104.2239
   0.00167   238.00  1081.1869
   0.00333   238.00  1012.0682
   0.00500   238.00   896.8457
   0.00667   238.00   735.4843
   0.00833   238.00   527.9382
   0.01000   238.00   274.1540

   0.00000   239.00  1104.2998
   0.00167   239.00  1081.2602
   0.00333   239.00  1012.1339
   0.00500   239.00   896.8994
   0.00667   239.00   735.5224
   0.00833   239.00   527.9581
   0.01000   239.00   274.1543

   0.00000   240.00  1104.3739
   0.00167   240.00  1081.3317
   0.00333   240.00  1012.1981
   0.00500   240.00   896.9519
   0.00667   240.00   735.5596
   0.00833   240.00   527.9775
   0.01000   240.00   274.1546

   0.00000   241.00  1104.4463
   0.00167   241.00  1081.4017
   0.00333   241.00  1012.2608
   0.00500   241.00   897.0032
   0.00667   241.00   735.5959
   0.00833   241.00   527.9964
   0.01000   241.00   274.1548

   0.00000   242.00  1104.5170
   0.00167   242.00  1081.4700
   0.00333   242.00  1012.3221
   0.00500   242.00   897.0533
   0.00667   242.00   735.6315
   0.00833   242.00   528.0149
   0.01000   242.00   274.1551

   0.00000   243.00  1104.5860
   0.00167   243.00  1081.5367
   0.00333   243.00  1012.3820
   0.00500   243.00   897.1022
   0.00667   243.00   735.6661
   0.00833   243.00   528.0330
   0.01000   243.00   274.1554

   0.00000   244.00  1104.6535
   0.00167   244.00  1081.6019
   0.00333   244.00  1012.4404
   0.00500   244.00   897.1500
   0.00667   244.00   735.7000
   0.00833   244.00   528.0507
   0.01000   244.00   274.1556

   0.00000   245.00  1104.7194
   0.00167   245.00  1081.6656
   0.00333   245.00  1012.4976
   0.00500   245.00   897.1967
   0.00667   245.00   735.7331
   0.00833   245.00   528.0680
   0.01000   245.00   274.1559

   0.00000   246.00  1104.7838
   0.00167   246.00  1081.7278
   0.00333   246.00  1012.5534
   0.00500   246.00   897.2423
   0.00667   246.00   735.7655
   0.00833   246.00   528.0848
   0.01000   246.00   274.1561

   0.00000   247.00  1104.8467
   0.00167   247.00  1081.7885
   0.00333   247.00  1012.6079
   0.00500   247.00   897.2869
   0.00667   247.00   735.7970
   0.00833   247.00   528.1013
   0.01000   247.00   274.1564

   0.00000   248.00  1104.9081
   0.00167   248.00  1081.8479
   0.00333   248.00  1012.6611
   0.00500   248.00   897.3304
   0.00667   248.00   735.8279
   0.00833   248.00   528.1174
   0.01000   248.00   274.1566

   0.00000   249.00  1104.9681
   0.00167   249.00  1081.9058
   0.00333   249.00  1012.7131
   0.00500   249.00   897.3729
   0.00667   249.00   735.8580
   0.00833   249.00   528.1331
   0.01000   249.00   274.1569

   0.00000   250.00  1105.0268
   0.00167   250.00  1081.9625
   0.00333   250.00  1012.7639
   0.00500   250.00   897.4144
   0.00667   250.00   735.8875
   0.00833   250.00   528.1485
   0.01000   250.00   274.1571

   0.00000   251.00  1105.0840
   0.00167   251.00  1082.0178
   0.00333   251.00  1012.8135
   0.00500   251.00   897.4550
   0.00667   251.00   735.9162
   0.00833   251.00   528.1635
   0.01000   251.00   274.1573

   0.00000   252.00  1105.1400
   0.00167   252.00  1082.0718
   0.00333   252.00  1012.8620
   0.00500   252.00   897.4946
   0.00667   252.00   735.9443
   0.00833   252.00   528.1781
   0.01000   252.00   274.1575

   0.00000   253.00  1105.1946
   0.00167   253.00  1082.1246
   0.00333   253.00  1012.9094
   0.00500   253.00   897.5333
   0.00667   253.00   735.9718
   0.00833   253.00   528.1924
   0.01000   253.00   274.1577

   0.00000   254.00  1105.2480
   0.00167   254.00  1082.1762
   0.00333   254.00  1012.9556
   0.00500   254.00   897.5712
   0.00667   254.00   735.9986
   0.00833   254.00   528.2064
   0.01000   254.00   274.1579

   0.00000   255.00  1105.3001
   0.00167   255.00  1082.2266
   0.00333   255.00  1013.0008
   0.00500   255.00   897.6081
   0.00667   255.00   736.0248
   0.00833   255.00   528.2201
   0.01000   255.00   274.1581

   0.00000   256.00  1105.3511
   0.00167   256.00  1082.2758
   0.00333   256.00  1013.0450
   0.00500   256.00   897.6442
   0.00667   256.00   736.0504
   0.00833   256.00   528.2334
   0.01000   256.00   274.1583

   0.00000   257.00  1105.4008
   0.00167   257.00  1082.3238
   0.00333   257.00  1013.0881
   0.00500   257.00   897.6794
   0.00667   257.00   736.0753
   0.00833   257.00   528.2464
   0.01000   257.00   274.1585

   0.00000   258.00  1105.4494
   0.00167   258.00  1082.3708
   0.00333   258.00  1013.1302
   0.00500   258.00   897.7139
   0.00667   258.00   736.0998
   0.00833   258.00   528.2592
   0.01000   258.00   274.1587

   0.00000   259.00  1105.4969
   0.00167   259.00  1082.4167
   0.00333   259.00  1013.1714
   0.00500   259.00   897.7475
   0.00667   259.00   736.1236
   0.00833   259.00   528.2716
   0.01000   259.00   274.1589

   0.00000   260.00  1105.5433
   0.00167   260.00  1082.4615
   0.00333   260.00  1013.2116
   0.00500   260.00   897.7804
   0.00667   260.00   736.1469
   0.00833   260.00   528.2838
   0.01000   260.00   274.1591

   0.00000   261.00  1105.5886
   0.00167   261.00  1082.5052
   0.00333   261.00  1013.2508
   0.00500   261.00   897.8125
   0.00667   261.00   736.1696
   0.00833   261.00   528.2956
   0.01000   261.00   274.1593

   0.00000   262.00  1105.6328
   0.00167   262.00  1082.5480
   0.00333   262.00  1013.2892
   0.00500   262.00   897.8438
   0.00667   262.00   736.1919
   0.00833   262.00   528.3072
   0.01000   262.00   274.1594

   0.00000   263.00  1105.6761
   0.00167   263.00  1082.5898
   0.00333   263.00  1013.3267
   0.00500   263.00   897.8745
   0.00667   263.00   736.2136
   0.00833   263.00   528.3185
   0.01000   263.00   274.1596

   0.00000   264.00  1105.7183
   0.00167   264.00  1082.6306
   0.00333   264.00  1013.3633
   0.00500   264.00   897.9044
   0.00667   264.00   736.2348
   0.00833   264.00   528.3296
   0.01000   264.00   274.1598

   0.00000   265.00  1105.7595
   0.00167   265.00  1082.6704
   0.00333   265.00  1013.3990
   0.00500   265.00   897.9336
   0.00667   265.00   736.2555
   0.00833   265.00   528.3404
   0.01000   265.00   274.1599

   0.00000   266.00  1105.7998
   0.00167   266.00  1082.7093
   0.00333   266.00  1013.4339
   0.00500   266.00   897.9621
   0.00667   266.00   736.2758
   0.00833   266.00   528.3510
   0.01000   266.00   274.1601

   0.00000   267.00  1105.8392
   0.00167   267.00  1082.7474
   0.00333   267.00  1013.4680
   0.00500   267.00   897.9900
   0.00667   267.00   736.2955
   0.00833   267.00   528.3613
   0.01000   267.00   274.1602

   0.00000   268.00  1105.8777
   0.00167   268.00  1082.7845
   0.00333   268.00  1013.5014
   0.00500   268.00   898.0173
   0.00667   268.00   736.3148
   0.00833   268.00   528.3713
   0.01000   268.00   274.1604

   0.00000   269.00  1105.9152
   0.00167   269.00  1082.8208
   0.00333   269.00  1013.5339
   0.00500   269.00   898.0439
   0.00667   269.00   736.3337
   0.00833   269.00   528.3812
   0.01000   269.00   274.1605

   0.00000   270.00  1105.9519
   0.00167   270.00  1082.8563
   0.00333   270.00  1013.5657
   0.00500   270.00   898.0699
   0.00667   270.00   736.3521
   0.00833   270.00   528.3908
   0.01000   270.00   274.1607

   0.00000   271.00  1105.9878
   0.00167   271.00  1082.8909
   0.00333   271.00  1013.5968
   0.00500   271.00   898.0953
   0.00667   271.00   736.3701
   0.00833   271.00   528.4002
   0.01000   271.00   274.1608

   0.00000   272.00  1106.0228
   0.00167   272.00  1082.9247
   0.00333   272.00  1013.6271
   0.00500   272.00   898.1201
   0.00667   272.00   736.3877
   0.00833   272.00   528.4094
   0.01000   272.00   274.1609

   0.00000   273.00  1106.0570
   0.00167   273.00  1082.9578
   0.00333   273.00  1013.6568
   0.00500   273.00   898.1443
   0.00667   273.00   736.4049
   0.00833   273.00   528.4183
   0.01000   273.00   274.1611

   0.00000   274.00  1106.0904
   0.00167   274.00  1082.9900
   0.00333   274.00  1013.6857
   0.00500   274.00   898.1680
   0.00667   274.00   736.4217
   0.00833   274.00   528.4271
   0.01000   274.00   274.1612

   0.00000   275.00  1106.1230
   0.00167   275.00  1083.0216
   0.00333   275.00  1013.7140
   0.00500   275.00   898.1911
   0.00667   275.00   736.4381
   0.00833   275.00   528.4356
   0.01000   275.00   274.1613

   0.00000   276.00  1106.1549
   0.00167   276.00  1083.0524
   0.00333   276.00  1013.7417
   0.00500   276.00   898.2137
   0.00667   276.00   736.4541
   0.00833   276.00   528.4440
   0.01000   276.00   274.1615

   0.00000   277.00  1106.1860
   0.00167   277.00  1083.0825
   0.00333   277.00  1013.7686
   0.00500   277.00   898.2358
   0.00667   277.00   736.4697
   0.00833   277.00   528.4521
   0.01000   277.00   274.1616

   0.00000   278.00  1106.2165
   0.00167   278.00  1083.1118
   0.00333   278.00  1013.7950
   0.00500   278.00   898.2573
   0.00667   278.00   736.4850
   0.00833   278.00   528.4601
   0.01000   278.00   274.1617

   0.00000   279.00  1106.2462
   0.00167   279.00  1083.1406
   0.00333   279.00  1013.8208
   0.00500   279.00   898.2784
   0.00667   279.00   736.4999
   0.00833   279.00   528.4679
   0.01000   279.00   274.1618

   0.00000   280.00  1106.2752
   0.00167   280.00  1083.1686
   0.00333   280.00  1013.8459
   0.00500   280.00   898.2989
   0.00667   280.00   736.5145
   0.00833   280.00   528.4755
   0.01000   280.00   274.1619

   0.00000   281.00  1106.3036
   0.00167   281.00  1083.1960
   0.00333   281.00  1013.8705
   0.00500   281.00   898.3190
   0.00667   281.00   736.5287
   0.00833   281.00   528.4829
   0.01000   281.00   274.1620

   0.00000   282.00  1106.3313
   0.00167   282.00  1083.2228
   0.00333   282.00  1013.8945
   0.00500   282.00   898.3387
   0.00667   282.00   736.5427
   0.00833   282.00   528.4902
   0.01000   282.00   274.1621

   0.00000   283.00  1106.3583
   0.00167   283.00  1083.2489
   0.00333   283.00  1013.9180
   0.00500   283.00   898.3578
   0.00667   283.00   736.5562
   0.00833   283.00   528.4973
   0.01000   283.00   274.1622

   0.00000   284.00  1106.3848
   0.00167   284.00  1083.2744
   0.00333   284.00  1013.9409
   0.00500   284.00   898.3766
   0.00667   284.00   736.5695
   0.00833   284.00   528.5042
   0.01000   284.00   274.1623

   0.00000   285.00  1106.4106
   0.00167   285.00  1083.2994
   0.00333   285.00  1013.9633
   0.00500   285.00   898.3948
   0.00667   285.00   736.5825
   0.00833   285.00   528.5109
   0.01000   285.00   274.1624

   0.00000   286.00  1106.4358
   0.00167   286.00  1083.3238
   0.00333   286.00  1013.9851
   0.00500   286.00   898.4127
   0.00667   286.00   736.5952
   0.00833   286.00   528.5175
   0.01000   286.00   274.1625

   0.00000   287.00  1106.4605
   0.00167   287.00  1083.3476
   0.00333   287.00  1014.0065
   0.00500   287.00   898.4302
   0.00667   287.00   736.6075
   0.00833   287.00   528.5240
   0.01000   287.00   274.1626

   0.00000   288.00  1106.4845
   0.00167   288.00  1083.3708
   0.00333   288.00  1014.0273
   0.00500   288.00   898.4472
   0.00667   288.00   736.6196
   0.00833   288.00   528.5303
   0.01000   288.00   274.1627

   0.00000   289.00  1106.5080
   0.00167   289.00  1083.3935
   0.00333   289.00  1014.0477
   0.00500   289.00   898.4639
   0.00667   289.00   736.6314
   0.00833   289.00   528.5365
   0.01000   289.00   274.1628

   0.00000   290.00  1106.5310
   0.00167   290.00  1083.4157
   0.00333   290.00  1014.0676
   0.00500   290.00   898.4802
   0.00667   290.00   736.6430
   0.00833   290.00   528.5425
   0.01000   290.00   274.1629

   0.00000   291.00  1106.5534
   0.00167   291.00  1083.4374
   0.00333   291.00  1014.0871
   0.00500   291.00   898.4961
   0.00667   291.00   736.6542
   0.00833   291.00   528.5484
   0.01000   291.00   274.1630

   0.00000   292.00  1106.5754
   0.00167   292.00  1083.4586
   0.00333   292.00  1014.1060
   0.00500   292.00   898.5116
   0.00667   292.00   736.6652
   0.00833   292.00   528.5541
   0.01000   292.00   274.1631

   0.00000   293.00  1106.5968
   0.00167   293.00  1083.4792
   0.00333   293.00  1014.1246
   0.00500   293.00   898.5267
   0.00667   293.00   736.6760
   0.00833   293.00   528.5597
   0.01000   293.00   274.1632

   0.00000   294.00  1106.6177
   0.00167   294.00  1083.4994
   0.00333   294.00  1014.1427
   0.00500   294.00   898.5416
   0.00667   294.00   736.6865
   0.00833   294.00   528.5652
   0.01000   294.00   274.1632

   0.00000   295.00  1106.6381
   0.00167   295.00  1083.5192
   0.00333   295.00  1014.1604
   0.00500   295.00   898.5560
   0.00667   295.00   736.6968
   0.00833   295.00   528.5705
   0.01000   295.00   274.1633

   0.00000   296.00  1106.6581
   0.00167   296.00  1083.5385
   0.00333   296.00  1014.1777
   0.00500   296.00   898.5702
   0.00667   296.00   736.7068
   0.00833   296.00   528.5758
   0.01000   296.00   274.1634

   0.00000   297.00  1106.6776
   0.00167   297.00  1083.5573
   0.00333   297.00  1014.1946
   0.00500   297.00   898.5840
   0.00667   297.00   736.7166
   0.00833   297.00   528.5809
   0.01000   297.00   274.1635

   0.00000   298.00  1106.6966
   0.00167   298.00  1083.5757
   0.00333   298.00  1014.2111
   0.00500   298.00   898.5975
   0.00667   298.00   736.7261
   0.00833   298.00   528.5859
   0.01000   298.00   274.1636

   0.00000   299.00  1106.7152
   0.00167   299.00  1083.5937
   0.00333   299.00  1014.2272
   0.00500   299.00   898.6107
   0.00667   299.00   736.7355
   0.00833   299.00   528.5907
   0.01000   299.00   274.1636

   0.00000   300.00  1106.7334
   0.00167   300.00  1083.6112
   0.00333   300.00  1014.2430
   0.00500   300.00   898.6235
   0.00667   300.00   736.7446
   0.00833   300.00   528.5955
   0.01000   300.00   274.1637

