   0.0000000000000000        0.0000000000000000     
   9.9999997764825821E-003   9.9833331105609741E-003
   1.9999999552965164E-002   1.9866999281125522E-002
   2.9999999329447746E-002   2.9651993519955747E-002
   3.9999999105930328E-002   3.9339300901814804E-002
   4.9999998882412910E-002   4.8929896667136367E-002
   5.9999998658895493E-002   5.8424746320203995E-002
   6.9999998435378075E-002   6.7824805726350357E-002
   7.9999998211860657E-002   7.7131021208186087E-002
   8.9999997988343239E-002   8.6344329640867995E-002
   9.9999997764825821E-002   9.5465658546416102E-002
  0.10999999754130840       0.10449592618708914     
  0.11999999731779099       0.11343604165782781     
  0.12999999709427357       0.12228690497777521     
  0.13999999687075615       0.13104940718088354     
  0.14999999664723873       0.13972443040561622     
  0.15999999642372131       0.14831284798375452     
  0.16999999620020390       0.15681552452831768     
  0.17999999597668648       0.16523331602060512     
  0.18999999575316906       0.17356706989636980     
  0.19999999552965164       0.18181762513113131     
  0.20999999530613422       0.18998581232463710     
  0.21999999508261681       0.19807245378448071     
  0.22999999485909939       0.20607836360888501     
  0.23999999463558197       0.21400434776865918     
  0.24999999441206455       0.22185120418833729     
  0.25999999418854713       0.22961972282650700     
  0.26999999396502972       0.23731068575533626     
  0.27999999374151230       0.24492486723930607     
  0.28999999351799488       0.25246303381315710     
  0.29999999329447746       0.25992594435905853     
  0.30999999307096004       0.26731435018300587     
  0.31999999284744263       0.27462899509045674     
  0.32999999262392521       0.28187061546121106     
  0.33999999240040779       0.28903994032354391     
  0.34999999217689037       0.29613769142759827     
  0.35999999195337296       0.30316458331804502     
  0.36999999172985554       0.31012132340601756     
  0.37999999150633812       0.31700861204032826     
  0.38999999128282070       0.32382714257797407     
  0.39999999105930328       0.33057760145393800     
  0.40999999083578587       0.33726066825029405     
  0.41999999061226845       0.34387701576462193     
  0.42999999038875103       0.35042731007773903     
  0.43999999016523361       0.35691221062075612     
  0.44999998994171619       0.36333237024146336     
  0.45999998971819878       0.36968843527005413     
  0.46999998949468136       0.37598104558419210     
  0.47999998927116394       0.38221083467342909     
  0.48999998904764652       0.38837842970297970     
  0.49999998882412910       0.39448445157685924     
  0.50999998860061169       0.40052951500039147     
  0.51999998837709427       0.40651422854209213     
  0.52999998815357685       0.41243919469493467     
  0.53999998793005943       0.41830500993700459     
  0.54999998770654202       0.42411226479154795     
  0.55999998748302460       0.42986154388642045     
  0.56999998725950718       0.43555342601294328     
  0.57999998703598976       0.44118848418417095     
  0.58999998681247234       0.44676728569257790     
  0.59999998658895493       0.45229039216716871     
  0.60999998636543751       0.45775835963001860     
  0.61999998614192009       0.46317173855224913     
  0.62999998591840267       0.46853107390944537     
  0.63999998569488525       0.47383690523651950     
  0.64999998547136784       0.47908976668202696     
  0.65999998524785042       0.48429018706194032     
  0.66999998502433300       0.48943868991288608     
  0.67999998480081558       0.49453579354485017     
  0.68999998457729816       0.49958201109335731     
  0.69999998435378075       0.50457785057112936     
  0.70999998413026333       0.50952381491922794     
  0.71999998390674591       0.51442040205768647     
  0.72999998368322849       0.51926810493563680     
  0.73999998345971107       0.52406741158093562     
  0.74999998323619366       0.52881880514929469     
  0.75999998301267624       0.53352276397292142     
  0.76999998278915882       0.53817976160867353     
  0.77999998256564140       0.54279026688573284     
  0.78999998234212399       0.54735474395280326     
  0.79999998211860657       0.55187365232483754     
  0.80999998189508915       0.55634744692929772     
  0.81999998167157173       0.56077657815195336     
  0.82999998144805431       0.56516149188222287     
  0.83999998122453690       0.56950262955806197     
  0.84999998100101948       0.57380042821040445     
  0.85999998077750206       0.57805532050715847     
  0.86999998055398464       0.58226773479676441     
  0.87999998033046722       0.58643809515131751     
  0.88999998010694981       0.59056682140925998     
  0.89999997988343239       0.59465432921764716     
  0.90999997965991497       0.59870103007399122     
  0.91999997943639755       0.60270733136768762     
  0.92999997921288013       0.60667363642102767     
  0.93999997898936272       0.61060034452980216     
  0.94999997876584530       0.61448785100349879     
  0.95999997854232788       0.61833654720509912     
  0.96999997831881046       0.62214682059047743     
  0.97999997809529305       0.62591905474740728     
  0.98999997787177563       0.62965362943417746     
  0.99999997764825821       0.63335092061782328     
   1.0099999774247408       0.63701130051197608     
   1.0199999772012234       0.64063513761433433     
   1.0299999769777060       0.64422279674376137     
   1.0399999767541885       0.64777463907701216     
   1.0499999765306711       0.65129102218509394     
   1.0599999763071537       0.65477230006926335     
   1.0699999760836363       0.65821882319666469     
   1.0799999758601189       0.66163093853561195     
   1.0899999756366014       0.66500898959051880     
   1.0999999754130840       0.66835331643647999     
   1.1099999751895666       0.67166425575350741     
   1.1199999749660492       0.67494214086042414     
   1.1299999747425318       0.67818730174842035     
   1.1399999745190144       0.68140006511427431     
   1.1499999742954969       0.68458075439324151     
   1.1599999740719795       0.68772968979161564     
   1.1699999738484621       0.69084718831896419     
   1.1799999736249447       0.69393356382004245     
   1.1899999734014273       0.69698912700638926     
   1.1999999731779099       0.70001418548760641     
   1.2099999729543924       0.70300904380232654     
   1.2199999727308750       0.70597400344887196     
   1.2299999725073576       0.70890936291560647     
   1.2399999722838402       0.71181541771098533     
   1.2499999720603228       0.71469246039330447     
   1.2599999718368053       0.71754078060015269     
   1.2699999716132879       0.72036066507757035     
   1.2799999713897705       0.72315239770891671     
   1.2899999711662531       0.72591625954344874     
   1.2999999709427357       0.72865252882461506     
   1.3099999707192183       0.73136148101806731     
   1.3199999704957008       0.73404338883939169     
   1.3299999702721834       0.73669852228156396     
   1.3399999700486660       0.73932714864213001     
   1.3499999698251486       0.74192953255011540     
   1.3599999696016312       0.74450593599266579     
   1.3699999693781137       0.74705661834142201     
   1.3799999691545963       0.74958183637863141     
   1.3899999689310789       0.75208184432299852     
   1.3999999687075615       0.75455689385527791     
   1.4099999684840441       0.75700723414361148     
   1.4199999682605267       0.75943311186861240     
   1.4299999680370092       0.76183477124819909     
   1.4399999678134918       0.76421245406218130     
   1.4499999675899744       0.76656639967660023     
   1.4599999673664570       0.76889684506782630     
   1.4699999671429396       0.77120402484641581     
   1.4799999669194221       0.77348817128072966     
   1.4899999666959047       0.77574951432031647     
   1.4999999664723873       0.77798828161906186     
   1.5099999662488699       0.78020469855810681     
   1.5199999660253525       0.78239898826853738     
   1.5299999658018351       0.78457137165384760     
   1.5399999655783176       0.78672206741217843     
   1.5499999653548002       0.78885129205833437     
   1.5599999651312828       0.79095925994558058     
   1.5699999649077654       0.79304618328722198     
   1.5799999646842480       0.79511227217796765     
   1.5899999644607306       0.79715773461508099     
   1.5999999642372131       0.79918277651931946     
   1.6099999640136957       0.80118760175566506     
   1.6199999637901783       0.80317241215384771     
   1.6299999635666609       0.80513740752866403     
   1.6399999633431435       0.80708278570009284     
   1.6499999631196260       0.80900874251321031     
   1.6599999628961086       0.81091547185790580     
   1.6699999626725912       0.81280316568840161     
   1.6799999624490738       0.81467201404257683     
   1.6899999622255564       0.81652220506109918     
   1.6999999620020390       0.81835392500636539     
   1.7099999617785215       0.82016735828125276     
   1.7199999615550041       0.82196268744768319     
   1.7299999613314867       0.82374009324500208     
   1.7399999611079693       0.82549975460817360     
   1.7499999608844519       0.82724184868579487     
   1.7599999606609344       0.82896655085792925     
   1.7699999604374170       0.83067403475376278     
   1.7799999602138996       0.83236447226908328     
   1.7899999599903822       0.83403803358358575     
   1.7999999597668648       0.83569488717800455     
   1.8099999595433474       0.83733519985107485     
   1.8199999593198299       0.83895913673632438     
   1.8299999590963125       0.84056686131869796     
   1.8399999588727951       0.84215853545101571     
   1.8499999586492777       0.84373431937026699     
   1.8599999584257603       0.84529437171374211     
   1.8699999582022429       0.84683884953500244     
   1.8799999579787254       0.84836790831969122     
   1.8899999577552080       0.84988170200118685     
   1.8999999575316906       0.85138038297609941     
   1.9099999573081732       0.85286410211961305     
   1.9199999570846558       0.85433300880067442     
   1.9299999568611383       0.85578725089703045     
   1.9399999566376209       0.85722697481011512     
   1.9499999564141035       0.85865232547978820     
   1.9599999561905861       0.86006344639892662     
   1.9699999559670687       0.86146047962786998     
   1.9799999557435513       0.86284356580872235     
   1.9899999555200338       0.86421284417951061     
   1.9999999552965164       0.86556845258820225     
   2.0099999550729990       0.86691052750658237     
   2.0199999548494816       0.86823920404399302     
   2.0299999546259642       0.86955461596093453     
   2.0399999544024467       0.87085689568253155     
   2.0499999541789293       0.87214617431186481     
   2.0599999539554119       0.87342258164316910     
   2.0699999537318945       0.87468624617490021     
   2.0799999535083771       0.87593729512267104     
   2.0899999532848597       0.87717585443205859     
   2.0999999530613422       0.87840204879128336     
   2.1099999528378248       0.87961600164376175     
   2.1199999526143074       0.88081783520053325     
   2.1299999523907900       0.88200767045256412     
   2.1399999521672726       0.88318562718292726     
   2.1499999519437551       0.88435182397886136     
   2.1599999517202377       0.88550637824370915     
   2.1699999514967203       0.88664940620873678     
   2.1799999512732029       0.88778102294483485     
   2.1899999510496855       0.88890134237410301     
   2.1999999508261681       0.89001047728131855     
   2.2099999506026506       0.89110853932529077     
   2.2199999503791332       0.89219563905010191     
   2.2299999501556158       0.89327188589623585     
   2.2399999499320984       0.89433738821159570     
   2.2499999497085810       0.89539225326241123     
   2.2599999494850636       0.89643658724403774     
   2.2699999492615461       0.89747049529164702     
   2.2799999490380287       0.89849408149081134     
   2.2899999488145113       0.89950744888798206     
   2.2999999485909939       0.90051069950086338     
   2.3099999483674765       0.90150393432868292     
   2.3199999481439590       0.90248725336235935     
   2.3299999479204416       0.90346075559456862     
   2.3399999476969242       0.90442453902970987     
   2.3499999474734068       0.90537870069377169     
   2.3599999472498894       0.90632333664409981     
   2.3699999470263720       0.90725854197906763     
   2.3799999468028545       0.90818441084764967     
   2.3899999465793371       0.90910103645889995     
   2.3999999463558197       0.91000851109133551     
   2.4099999461323023       0.91090692610222601     
   2.4199999459087849       0.91179637193679131     
   2.4299999456852674       0.91267693813730633     
   2.4399999454617500       0.91354871335211574     
   2.4499999452382326       0.91441178534455814     
   2.4599999450147152       0.91526624100180165     
   2.4699999447911978       0.91611216634359061     
   2.4799999445676804       0.91694964653090583     
   2.4899999443441629       0.91777876587453766     
   2.4999999441206455       0.91859960784357353     
   2.5099999438971281       0.91941225507380142     
   2.5199999436736107       0.92021678937602858     
   2.5299999434500933       0.92101329174431779     
   2.5399999432265759       0.92180184236414098     
   2.5499999430030584       0.92258252062045187     
   2.5599999427795410       0.92335540510567793     
   2.5699999425560236       0.92412057362763189     
   2.5799999423325062       0.92487810321734554     
   2.5899999421089888       0.92562807013682391     
   2.5999999418854713       0.92637054988672329     
   2.6099999416619539       0.92710561721395157     
   2.6199999414384365       0.92783334611919344     
   2.6299999412149191       0.92855380986436009     
   2.6399999409914017       0.92926708097996469     
   2.6499999407678843       0.92997323127242404     
   2.6599999405443668       0.93067233183128761     
   2.6699999403208494       0.93136445303639426     
   2.6799999400973320       0.93204966456495753     
   2.6899999398738146       0.93272803539857996     
   2.6999999396502972       0.93339963383019775     
   2.7099999394267797       0.93406452747095625     
   2.7199999392032623       0.93472278325701597     
   2.7299999389797449       0.93537446745629149     
   2.7399999387562275       0.93601964567512275     
   2.7499999385327101       0.93665838286487968     
   2.7599999383091927       0.93729074332850115     
   2.7699999380856752       0.93791679072696843     
   2.7799999378621578       0.93853658808571372     
   2.7899999376386404       0.93915019780096565     
   2.7999999374151230       0.93975768164603035     
   2.8099999371916056       0.94035910077751050     
   2.8199999369680882       0.94095451574146205     
   2.8299999367445707       0.94154398647948945     
   2.8399999365210533       0.94212757233478017     
   2.8499999362975359       0.94270533205807894     
   2.8599999360740185       0.94327732381360208     
   2.8699999358505011       0.94384360518489341     
   2.8799999356269836       0.94440423318062083     
   2.8899999354034662       0.94495926424031573     
   2.8999999351799488       0.94550875424005498     
   2.9099999349564314       0.94605275849808601     
   2.9199999347329140       0.94659133178039545     
   2.9299999345093966       0.94712452830622318     
   2.9399999342858791       0.94765240175352017     
   2.9499999340623617       0.94817500526435261     
   2.9599999338388443       0.94869239145025164     
   2.9699999336153269       0.94920461239751008     
   2.9799999333918095       0.94971171967242585     
   2.9899999331682920       0.95021376432649329     
   2.9999999329447746       0.95071079690154281     
   3.0099999327212572       0.95120286743482885     
   3.0199999324977398       0.95169002546406711     
   3.0299999322742224       0.95217232003242203     
   3.0399999320507050       0.95264979969344366     
   3.0499999318271875       0.95312251251595581     
   3.0599999316036701       0.95359050608889517     
   3.0699999313801527       0.95405382752610224     
   3.0799999311566353       0.95451252347106441     
   3.0899999309331179       0.95496664010161159     
   3.0999999307096004       0.95541622313456498     
   3.1099999304860830       0.95586131783033956     
   3.1199999302625656       0.95630196899750042     
   3.1299999300390482       0.95673822099727401     
   3.1399999298155308       0.95717011774801375     
   3.1499999295920134       0.95759770272962141     
   3.1599999293684959       0.95802101898792469     
   3.1699999291449785       0.95844010913901012     
   3.1799999289214611       0.95885501537351392     
   3.1899999286979437       0.95926577946086899     
   3.1999999284744263       0.95967244275351016     
   3.2099999282509089       0.96007504619103712     
   3.2199999280273914       0.96047363030433575     
   3.2299999278038740       0.96086823521965870     
   3.2399999275803566       0.96125890066266495     
   3.2499999273568392       0.96164566596241885     
   3.2599999271333218       0.96202857005534970     
   3.2699999269098043       0.96240765148917151     
   3.2799999266862869       0.96278294842676337     
   3.2899999264627695       0.96315449865001190     
   3.2999999262392521       0.96352233956361444     
   3.3099999260157347       0.96388650819884480     
   3.3199999257922173       0.96424704121728122     
   3.3299999255686998       0.96460397491449723     
   3.3399999253451824       0.96495734522371557     
   3.3499999251216650       0.96530718771942559     
   3.3599999248981476       0.96565353762096473     
   3.3699999246746302       0.96599642979606404     
   3.3799999244511127       0.96633589876435833     
   3.3899999242275953       0.96667197870086141     
   3.3999999240040779       0.96700470343940659     
   3.4099999237805605       0.96733410647605278     
   3.4199999235570431       0.96766022097245641     
   3.4299999233335257       0.96798307975921027     
   3.4399999231100082       0.96830271533914836     
   3.4499999228864908       0.96861915989061786     
   3.4599999226629734       0.96893244527071909     
   3.4699999224394560       0.96924260301851206     
   3.4799999222159386       0.96954966435819201     
   3.4899999219924212       0.96985366020223251     
   3.4999999217689037       0.97015462115449780     
   3.5099999215453863       0.97045257751332337     
   3.5199999213218689       0.97074755927456635     
   3.5299999210983515       0.97103959613462532     
   3.5399999208748341       0.97132871749342975     
   3.5499999206513166       0.97161495245739982     
   3.5599999204277992       0.97189832984237667     
   3.5699999202042818       0.97217887817652338     
   3.5799999199807644       0.97245662570319669     
   3.5899999197572470       0.97273160038379058     
   3.5999999195337296       0.97300382990055112     
   3.6099999193102121       0.97327334165936330     
   3.6199999190866947       0.97354016279250999     
   3.6299999188631773       0.97380432016140361     
   3.6399999186396599       0.97406584035928989     
   3.6499999184161425       0.97432474971392558     
   3.6599999181926250       0.97458107429022844     
   3.6699999179691076       0.97483483989290165     
   3.6799999177455902       0.97508607206903142     
   3.6899999175220728       0.97533479611065876     
   3.6999999172985554       0.97558103705732591     
   3.7099999170750380       0.97582481969859702     
   3.7199999168515205       0.97606616857655382     
   3.7299999166280031       0.97630510798826609     
   3.7399999164044857       0.97654166198823800     
   3.7499999161809683       0.97677585439082959     
   3.7599999159574509       0.97700770877265408     
   3.7699999157339334       0.97723724847495175     
   3.7799999155104160       0.97746449660593926     
   3.7899999152868986       0.97768947604313639     
   3.7999999150633812       0.97791220943566892     
   3.8099999148398638       0.97813271920654898     
   3.8199999146163464       0.97835102755493220     
   3.8299999143928289       0.97856715645835268     
   3.8399999141693115       0.97878112767493552     
   3.8499999139457941       0.97899296274558711     
   3.8599999137222767       0.97920268299616386     
   3.8699999134987593       0.97941030953961905     
   3.8799999132752419       0.97961586327812833     
   3.8899999130517244       0.97981936490519395     
   3.8999999128282070       0.98002083490772807     
   3.9099999126046896       0.98022029356811513     
   3.9199999123811722       0.98041776096625377     
   3.9299999121576548       0.98061325698157831     
   3.9399999119341373       0.98080680129506004     
   3.9499999117106199       0.98099841339118865     
   3.9599999114871025       0.98118811255993355     
   3.9699999112635851       0.98137591789868606     
   3.9799999110400677       0.98156184831418192     
   3.9899999108165503       0.98174592252440451     
   3.9999999105930328       0.98192815906046937     
   4.0099999103695154       0.98210857626848980     
   4.0199999101459980       0.98228719231142370     
   4.0299999099224806       0.98246402517090203     
   4.0399999096989632       0.98263909264903937     
   4.0499999094754457       0.98281241237022554     
   4.0599999092519283       0.98298400178290057     
   4.0699999090284109       0.98315387816131061     
   4.0799999088048935       0.98332205860724731     
   4.0899999085813761       0.98348856005176954     
   4.0999999083578587       0.98365339925690776     
   4.1099999081343412       0.98381659281735134     
   4.1199999079108238       0.98397815716211956     
   4.1299999076873064       0.98413810855621520     
   4.1399999074637890       0.98429646310226204     
   4.1499999072402716       0.98445323674212615     
   4.1599999070167542       0.98460844525852054     
   4.1699999067932367       0.98476210427659416     
   4.1799999065697193       0.98491422926550487     
   4.1899999063462019       0.98506483553997692     
   4.1999999061226845       0.98521393826184234     
   4.2099999058991671       0.98536155244156765     
   4.2199999056756496       0.98550769293976492     
   4.2299999054521322       0.98565237446868781     
   4.2399999052286148       0.98579561159371254     
   4.2499999050050974       0.98593741873480434     
   4.2599999047815800       0.98607781016796914     
   4.2699999045580626       0.98621680002669077     
   4.2799999043345451       0.98635440230335381     
   4.2899999041110277       0.98649063085065214     
   4.2999999038875103       0.98662549938298361     
   4.3099999036639929       0.98675902147783068     
   4.3199999034404755       0.98689121057712725     
   4.3299999032169580       0.98702207998861202     
   4.3399999029934406       0.98715164288716795     
   4.3499999027699232       0.98727991231614876     
   4.3599999025464058       0.98740690118869223     
   4.3699999023228884       0.98753262228901972     
   4.3799999020993710       0.98765708827372367     
   4.3899999018758535       0.98778031167304137     
   4.3999999016523361       0.98790230489211661     
   4.4099999014288187       0.98802308021224861     
   4.4199999012053013       0.98814264979212818     
   4.4299999009817839       0.98826102566906193     
   4.4399999007582664       0.98837821976018403     
   4.4499999005347490       0.98849424386365581     
   4.4599999003112316       0.98860910965985382     
   4.4699999000877142       0.98872282871254535     
   4.4799998998641968       0.98883541247005291     
   4.4899998996406794       0.98894687226640643     
   4.4999998994171619       0.98905721932248447     
   4.5099998991936445       0.98916646474714387     
   4.5199998989701271       0.98927461953833817     
   4.5299998987466097       0.98938169458422442     
   4.5399998985230923       0.98948770066425984     
   4.5499998982995749       0.98959264845028649     
   4.5599998980760574       0.98969654850760602     
   4.5699998978525400       0.98979941129604310     
   4.5799998976290226       0.98990124717099848     
   4.5899998974055052       0.99000206638449162     
   4.5999998971819878       0.99010187908619252     
   4.6099998969584703       0.99020069532444366     
   4.6199998967349529       0.99029852504727156     
   4.6299998965114355       0.99039537810338840     
   4.6399998962879181       0.99049126424318323     
   4.6499998960644007       0.99058619311970386     
   4.6599998958408833       0.99068017428962840     
   4.6699998956173658       0.99077321721422740     
   4.6799998953938484       0.99086533126031651     
   4.6899998951703310       0.99095652570119941     
   4.6999998949468136       0.99104680971760117     
   4.7099998947232962       0.99113619239859263     
   4.7199998944997787       0.99122468274250541     
   4.7299998942762613       0.99131228965783780     
   4.7399998940527439       0.99139902196415164     
   4.7499998938292265       0.99148488839296012     
   4.7599998936057091       0.99156989758860681     
   4.7699998933821917       0.99165405810913587     
   4.7799998931586742       0.99173737842715370     
   4.7899998929351568       0.99181986693068191     
   4.7999998927116394       0.99190153192400166     
   4.8099998924881220       0.99198238162848962     
   4.8199998922646046       0.99206242418344581     
   4.8299998920410872       0.99214166764691281     
   4.8399998918175697       0.99222011999648718     
   4.8499998915940523       0.99229778913012245     
   4.8599998913705349       0.99237468286692421     
   4.8699998911470175       0.99245080894793736     
   4.8799998909235001       0.99252617503692542     
   4.8899998906999826       0.99260078872114177     
   4.8999998904764652       0.99267465751209405     
   4.9099998902529478       0.99274778884629977     
   4.9199998900294304       0.99282019008603528     
   4.9299998898059130       0.99289186852007694     
   4.9399998895823956       0.99296283136443464     
   4.9499998893588781       0.99303308576307869     
   4.9599998891353607       0.99310263878865856     
   4.9699998889118433       0.99317149744321520     
   4.9799998886883259       0.99323966865888591     
   4.9899998884648085       0.99330715929860203     
   4.9999998882412910       0.99337397615678003     
   5.0099998880177736       0.99344012596000542     
   5.0199998877942562       0.99350561536770998     
   5.0299998875707388       0.99357045097284225     
   5.0399998873472214       0.99363463930253104     
   5.0499998871237040       0.99369818681874278     
   5.0599998869001865       0.99376109991893180     
   5.0699998866766691       0.99382338493668465     
   5.0799998864531517       0.99388504814235745     
   5.0899998862296343       0.99394609574370729     
   5.0999998860061169       0.99400653388651727     
   5.1099998857825994       0.99406636865521503     
   5.1199998855590820       0.99412560607348532     
   5.1299998853355646       0.99418425210487638     
   5.1399998851120472       0.99424231265340046     
   5.1499998848885298       0.99429979356412801     
   5.1599998846650124       0.99435670062377624     
   5.1699998844414949       0.99441303956129168     
   5.1799998842179775       0.99446881604842685     
   5.1899998839944601       0.99452403570031123     
   5.1999998837709427       0.99457870407601656     
   5.2099998835474253       0.99463282667911657     
   5.2199998833239079       0.99468640895824101     
   5.2299998831003904       0.99473945630762417     
   5.2399998828768730       0.99479197406764786     
   5.2499998826533556       0.99484396752537896     
   5.2599998824298382       0.99489544191510193     
   5.2699998822063208       0.99494640241884569     
   5.2799998819828033       0.99499685416690509     
   5.2899998817592859       0.99504680223835762     
   5.2999998815357685       0.99509625166157456     
   5.3099998813122511       0.99514520741472745     
   5.3199998810887337       0.99519367442628892     
   5.3299998808652163       0.99524165757552907     
   5.3399998806416988       0.99528916169300663     
   5.3499998804181814       0.99533619156105535     
   5.3599998801946640       0.99538275191426517     
   5.3699998799711466       0.99542884743995919     
   5.3799998797476292       0.99547448277866524     
   5.3899998795241117       0.99551966252458335     
   5.3999998793005943       0.99556439122604812     
   5.4099998790770769       0.99560867338598658     
   5.4199998788535595       0.99565251346237149     
   5.4299998786300421       0.99569591586867034     
   5.4399998784065247       0.99573888497428931     
   5.4499998781830072       0.99578142510501344     
   5.4599998779594898       0.99582354054344191     
   5.4699998777359724       0.99586523552941952     
   5.4799998775124550       0.99590651426046306     
   5.4899998772889376       0.99594738089218415     
   5.4999998770654202       0.99598783953870773     
   5.5099998768419027       0.99602789427308580     
   5.5199998766183853       0.99606754912770801     
   5.5299998763948679       0.99610680809470697     
   5.5399998761713505       0.99614567512636087     
   5.5499998759478331       0.99618415413549077     
   5.5599998757243156       0.99622224899585476     
   5.5699998755007982       0.99625996354253787     
   5.5799998752772808       0.99629730157233831     
   5.5899998750537634       0.99633426684414961     
   5.5999998748302460       0.99637086307933886     
   5.6099998746067286       0.99640709396212168     
   5.6199998743832111       0.99644296313993275     
   5.6299998741596937       0.99647847422379332     
   5.6399998739361763       0.99651363078867461     
   5.6499998737126589       0.99654843637385770     
   5.6599998734891415       0.99658289448328974     
   5.6699998732656240       0.99661700858593705     
   5.6799998730421066       0.99665078211613378     
   5.6899998728185892       0.99668421847392830     
   5.6999998725950718       0.99671732102542487     
   5.7099998723715544       0.99675009310312312     
   5.7199998721480370       0.99678253800625294     
   5.7299998719245195       0.99681465900110711     
   5.7399998717010021       0.99684645932136973     
   5.7499998714774847       0.99687794216844217     
   5.7599998712539673       0.99690911071176502     
   5.7699998710304499       0.99693996808913732     
   5.7799998708069324       0.99697051740703235     
   5.7899998705834150       0.99700076174091057     
   5.7999998703598976       0.99703070413552897     
   5.8099998701363802       0.99706034760524775     
   5.8199998699128628       0.99708969513433388     
   5.8299998696893454       0.99711874967726111     
   5.8399998694658279       0.99714751415900793     
   5.8499998692423105       0.99717599147535174     
   5.8599998690187931       0.99720418449316039     
   5.8699998687952757       0.99723209605068086     
   5.8799998685717583       0.99725972895782500     
   5.8899998683482409       0.99728708599645222     
   5.8999998681247234       0.99731416992064992     
   5.9099998679012060       0.99734098345701039     
   5.9199998676776886       0.99736752930490558     
   5.9299998674541712       0.99739381013675854     
   5.9399998672306538       0.99741982859831269     
   5.9499998670071363       0.99744558730889810     
   5.9599998667836189       0.99747108886169522     
   5.9699998665601015       0.99749633582399588     
   5.9799998663365841       0.99752133073746196     
   5.9899998661130667       0.99754607611838075     
   5.9999998658895493       0.99757057445791897     
   6.0099998656660318       0.99759482822237289     
   6.0199998654425144       0.99761883985341704     
   6.0299998652189970       0.99764261176835001     
   6.0399998649954796       0.99766614636033746     
   6.0499998647719622       0.99768944599865350     
   6.0599998645484447       0.99771251302891883     
   6.0699998643249273       0.99773534977333722     
   6.0799998641014099       0.99775795853092886     
   6.0899998638778925       0.99778034157776230     
   6.0999998636543751       0.99780250116718316     
   6.1099998634308577       0.99782443953004130     
   6.1199998632073402       0.99784615887491501     
   6.1299998629838228       0.99786766138833394     
   6.1399998627603054       0.99788894923499871     
   6.1499998625367880       0.99791002455799904     
   6.1599998623132706       0.99793088947902941     
   6.1699998620897532       0.99795154609860282     
   6.1799998618662357       0.99797199649626211     
   6.1899998616427183       0.99799224273078935     
   6.1999998614192009       0.99801228684041299     
   6.2099998611956835       0.99803213084301334     
   6.2199998609721661       0.99805177673632550     
   6.2299998607486486       0.99807122649814051     
   6.2399998605251312       0.99809048208650442     
   6.2499998603016138       0.99810954543991548     
   6.2599998600780964       0.99812841847751921     
   6.2699998598545790       0.99814710309930166     
   6.2799998596310616       0.99816560118628084     
   6.2899998594075441       0.99818391460069578     
   6.2999998591840267       0.99820204518619426     
   6.3099998589605093       0.99821999476801826     
   6.3199998587369919       0.99823776515318763     
   6.3299998585134745       0.99825535813068245     
   6.3399998582899570       0.99827277547162252     
   6.3499998580664396       0.99829001892944602     
   6.3599998578429222       0.99830709024008613     
   6.3699998576194048       0.99832399112214543     
   6.3799998573958874       0.99834072327706935     
   6.3899998571723700       0.99835728838931692     
   6.3999998569488525       0.99837368812653093     
   6.4099998567253351       0.99838992413970540     
   6.4199998565018177       0.99840599806335195     
   6.4299998562783003       0.99842191151566440     
   6.4399998560547829       0.99843766609868145     
   6.4499998558312654       0.99845326339844820     
   6.4599998556077480       0.99846870498517581     
   6.4699998553842306       0.99848399241339936     
   6.4799998551607132       0.99849912722213452     
   6.4899998549371958       0.99851411093503251     
   6.4999998547136784       0.99852894506053347     
   6.5099998544901609       0.99854363109201805     
   6.5199998542666435       0.99855817050795825     
   6.5299998540431261       0.99857256477206591     
   6.5399998538196087       0.99858681533344007     
   6.5499998535960913       0.99860092362671304     
   6.5599998533725739       0.99861489107219470     
   6.5699998531490564       0.99862871907601536     
   6.5799998529255390       0.99864240903026769     
   6.5899998527020216       0.99865596231314646     
   6.5999998524785042       0.99866938028908747     
   6.6099998522549868       0.99868266430890495     
   6.6199998520314693       0.99869581570992760     
   6.6299998518079519       0.99870883581613301     
   6.6399998515844345       0.99872172593828101     
   6.6499998513609171       0.99873448737404580     
   6.6599998511373997       0.99874712140814637     
   6.6699998509138823       0.99875962931247597     
   6.6799998506903648       0.99877201234623014     
   6.6899998504668474       0.99878427175603335     
   6.6999998502433300       0.99879640877606479     
   6.7099998500198126       0.99880842462818231     
   6.7199998497962952       0.99882032052204550     
   6.7299998495727777       0.99883209765523762     
   6.7399998493492603       0.99884375721338603     
   6.7499998491257429       0.99885530037028147     
   6.7599998489022255       0.99886672828799650     
   6.7699998486787081       0.99887804211700215     
   6.7799998484551907       0.99888924299628412     
   6.7899998482316732       0.99890033205345707     
   6.7999998480081558       0.99891131040487846     
   6.8099998477846384       0.99892217915576054     
   6.8199998475611210       0.99893293940028205     
   6.8299998473376036       0.99894359222169815     
   6.8399998471140862       0.99895413869244953     
   6.8499998468905687       0.99896457987427023     
   6.8599998466670513       0.99897491681829476     
   6.8699998464435339       0.99898515056516379     
   6.8799998462200165       0.99899528214512878     
   6.8899998459964991       0.99900531257815606     
   6.8999998457729816       0.99901524287402921     
   6.9099998455494642       0.99902507403245078     
   6.9199998453259468       0.99903480704314296     
   6.9299998451024294       0.99904444288594718     
   6.9399998448789120       0.99905398253092292     
   6.9499998446553946       0.99906342693844508     
   6.9599998444318771       0.99907277705930098     
   6.9699998442083597       0.99908203383478578     
   6.9799998439848423       0.99909119819679737     
   6.9899998437613249       0.99910027106793020     
   6.9999998435378075       0.99910925336156831     
   7.0099998433142900       0.99911814598197690     
   7.0199998430907726       0.99912694982439376     
   7.0299998428672552       0.99913566577511903     
   7.0399998426437378       0.99914429471160493     
   7.0499998424202204       0.99915283750254347     
   7.0599998421967030       0.99916129500795436     
   7.0699998419731855       0.99916966807927143     
   7.0799998417496681       0.99917795755942840     
   7.0899998415261507       0.99918616428294360     
   7.0999998413026333       0.99919428907600427     
   7.1099998410791159       0.99920233275654935     
   7.1199998408555984       0.99921029613435208     
   7.1299998406320810       0.99921818001110152     
   7.1399998404085636       0.99922598518048322     
   7.1499998401850462       0.99923371242825898     
   7.1599998399615288       0.99924136253234619     
   7.1699998397380114       0.99924893626289590     
   7.1799998395144939       0.99925643438237066     
   7.1899998392909765       0.99926385764562098     
   7.1999998390674591       0.99927120679996151     
   7.2099998388439417       0.99927848258524621     
   7.2199998386204243       0.99928568573394272     
   7.2299998383969069       0.99929281697120642     
   7.2399998381733894       0.99929987701495304     
   7.2499998379498720       0.99930686657593115     
   7.2599998377263546       0.99931378635779367     
   7.2699998375028372       0.99932063705716878     
   7.2799998372793198       0.99932741936373004     
   7.2899998370558023       0.99933413396026560     
   7.2999998368322849       0.99934078152274730     
   7.3099998366087675       0.99934736272039837     
   7.3199998363852501       0.99935387821576105     
   7.3299998361617327       0.99936032866476310     
   7.3399998359382153       0.99936671471678407     
   7.3499998357146978       0.99937303701472047     
   7.3599998354911804       0.99937929619505050     
   7.3699998352676630       0.99938549288789835     
   7.3799998350441456       0.99939162771709722     
   7.3899998348206282       0.99939770130025263     
   7.3999998345971107       0.99940371424880425     
   7.4099998343735933       0.99940966716808755     
   7.4199998341500759       0.99941556065739467     
   7.4299998339265585       0.99942139531003482     
   7.4399998337030411       0.99942717171339412     
   7.4499998334795237       0.99943289044899442     
   7.4599998332560062       0.99943855209255228     
   7.4699998330324888       0.99944415721403657     
   7.4799998328089714       0.99944970637772590     
   7.4899998325854540       0.99945520014226563     
   7.4999998323619366       0.99946063906072402     
   7.5099998321384192       0.99946602368064763     
   7.5199998319149017       0.99947135454411684     
   7.5299998316913843       0.99947663218780036     
   7.5399998314678669       0.99948185714300886     
   7.5499998312443495       0.99948702993574901     
   7.5599998310208321       0.99949215108677614     
   7.5699998307973146       0.99949722111164674     
   7.5799998305737972       0.99950224052077008     
   7.5899998303502798       0.99950720981946017     
   7.5999998301267624       0.99951212950798607     
   7.6099998299032450       0.99951700008162270     
   7.6199998296797276       0.99952182203070028     
   7.6299998294562101       0.99952659584065395     
   7.6399998292326927       0.99953132199207262     
   7.6499998290091753       0.99953600096074735     
   7.6599998287856579       0.99954063321771924     
   7.6699998285621405       0.99954521922932671     
   7.6799998283386230       0.99954975945725266     
   7.6899998281151056       0.99955425435857082     
   7.6999998278915882       0.99955870438579175     
   7.7099998276680708       0.99956310998690867     
   7.7199998274445534       0.99956747160544202     
   7.7299998272210360       0.99957178968048466     
   7.7399998269975185       0.99957606464674575     
   7.7499998267740011       0.99958029693459460     
   7.7599998265504837       0.99958448697010405     
   7.7699998263269663       0.99958863517509333     
   7.7799998261034489       0.99959274196717030     
   7.7899998258799314       0.99959680775977400     
   7.7999998256564140       0.99960083296221580     
   7.8099998254328966       0.99960481797972078     
   7.8199998252093792       0.99960876321346859     
   7.8299998249858618       0.99961266906063362     
   7.8399998247623444       0.99961653591442534     
   7.8499998245388269       0.99962036416412758     
   7.8599998243153095       0.99962415419513784     
   7.8699998240917921       0.99962790638900600     
   7.8799998238682747       0.99963162112347292     
   7.8899998236447573       0.99963529877250823     
   7.8999998234212399       0.99963893970634810     
   7.9099998231977224       0.99964254429153265     
   7.9199998229742050       0.99964611289094252     
   7.9299998227506876       0.99964964586383576     
   7.9399998225271702       0.99965314356588375     
   7.9499998223036528       0.99965660634920706     
   7.9599998220801353       0.99966003456241093     
   7.9699998218566179       0.99966342855062040     
   7.9799998216331005       0.99966678865551506     
   7.9899998214095831       0.99967011521536331     
   7.9999998211860657       0.99967340856505649     
   8.0099998209625483       0.99967666903614261     
   8.0199998207390308       0.99967989695685977     
   8.0299998205155134       0.99968309265216915     
   8.0399998202919960       0.99968625644378772     
   8.0499998200684786       0.99968938865022072     
   8.0599998198449612       0.99969248958679346     
   8.0699998196214437       0.99969555956568346     
   8.0799998193979263       0.99969859889595158     
   8.0899998191744089       0.99970160788357321     
   8.0999998189508915       0.99970458683146901     
   8.1099998187273741       0.99970753603953566     
   8.1199998185038567       0.99971045580467577     
   8.1299998182803392       0.99971334642082788     
   8.1399998180568218       0.99971620817899609     
   8.1499998178333044       0.99971904136727918     
   8.1599998176097870       0.99972184627089988     
   8.1699998173862696       0.99972462317223343     
   8.1799998171627522       0.99972737235083597     
   8.1899998169392347       0.99973009408347269     
   8.1999998167157173       0.99973278864414594     
   8.2099998164921999       0.99973545630412231     
   8.2199998162686825       0.99973809733196051     
   8.2299998160451651       0.99974071199353809     
   8.2399998158216476       0.99974330055207816     
   8.2499998155981302       0.99974586326817605     
   8.2599998153746128       0.99974840039982549     
   8.2699998151510954       0.99975091220244450     
   8.2799998149275780       0.99975339892890125     
   8.2899998147040606       0.99975586082953949     
   8.2999998144805431       0.99975829815220352     
   8.3099998142570257       0.99976071114226350     
   8.3199998140335083       0.99976310004263991     
   8.3299998138099909       0.99976546509382813     
   8.3399998135864735       0.99976780653392250     
   8.3499998133629560       0.99977012459864045     
   8.3599998131394386       0.99977241952134610     
   8.3699998129159212       0.99977469153307397     
   8.3799998126924038       0.99977694086255187     
   8.3899998124688864       0.99977916773622433     
   8.3999998122453690       0.99978137237827513     
   8.4099998120218515       0.99978355501064997     
   8.4199998117983341       0.99978571585307874     
   8.4299998115748167       0.99978785512309776     
   8.4399998113512993       0.99978997303607153     
   8.4499998111277819       0.99979206980521462     
   8.4599998109042645       0.99979414564161295     
   8.4699998106807470       0.99979620075424502     
   8.4799998104572296       0.99979823535000312     
   8.4899998102337122       0.99980024963371394     
   8.4999998100101948       0.99980224380815952     
   8.5099998097866774       0.99980421807409736     
   8.5199998095631599       0.99980617263028071     
   8.5299998093396425       0.99980810767347861     
   8.5399998091161251       0.99981002339849567     
   8.5499998088926077       0.99981191999819174     
   8.5599998086690903       0.99981379766350120     
   8.5699998084455729       0.99981565658345239     
   8.5799998082220554       0.99981749694518651     
   8.5899998079985380       0.99981931893397646     
   8.5999998077750206       0.99982112273324530     
   8.6099998075515032       0.99982290852458522     
   8.6199998073279858       0.99982467648777529     
   8.6299998071044683       0.99982642680079992     
   8.6399998068809509       0.99982815963986660     
   8.6499998066574335       0.99982987517942368     
   8.6599998064339161       0.99983157359217789     
   8.6699998062103987       0.99983325504911180     
   8.6799998059868813       0.99983491971950100     
   8.6899998057633638       0.99983656777093122     
   8.6999998055398464       0.99983819936931506     
   8.7099998053163290       0.99983981467890870     
   8.7199998050928116       0.99984141386232861     
   8.7299998048692942       0.99984299708056767     
   8.7399998046457767       0.99984456449301173     
   8.7499998044222593       0.99984611625745523     
   8.7599998041987419       0.99984765253011731     
   8.7699998039752245       0.99984917346565771     
   8.7799998037517071       0.99985067921719195     
   8.7899998035281897       0.99985216993630710     
   8.7999998033046722       0.99985364577307667     
   8.8099998030811548       0.99985510687607615     
   8.8199998028576374       0.99985655339239776     
   8.8299998026341200       0.99985798546766502     
   8.8399998024106026       0.99985940324604783     
   8.8499998021870852       0.99986080687027679     
   8.8599998019635677       0.99986219648165753     
   8.8699998017400503       0.99986357222008493     
   8.8799998015165329       0.99986493422405731     
   8.8899998012930155       0.99986628263069033     
   8.8999998010694981       0.99986761757573084     
   8.9099998008459806       0.99986893919357034     
   8.9199998006224632       0.99987024761725862     
   8.9299998003989458       0.99987154297851744     
   8.9399998001754284       0.99987282540775324     
   8.9499997999519110       0.99987409503407088     
   8.9599997997283936       0.99987535198528599     
   8.9699997995048761       0.99987659638793847     
   8.9799997992813587       0.99987782836730477     
   8.9899997990578413       0.99987904804741068     
   8.9999997988343239       0.99988025555104376     
   9.0099997986108065       0.99988145099976589     
   9.0199997983872890       0.99988263451392512     
   9.0299997981637716       0.99988380621266826     
   9.0399997979402542       0.99988496621395262     
   9.0499997977167368       0.99988611463455768     
   9.0599997974932194       0.99988725159009728     
   9.0699997972697020       0.99988837719503099     
   9.0799997970461845       0.99988949156267570     
   9.0899997968226671       0.99989059480521703     
   9.0999997965991497       0.99989168703372056     
   9.1099997963756323       0.99989276835814311     
   9.1199997961521149       0.99989383888734373     
   9.1299997959285975       0.99989489872909476     
   9.1399997957050800       0.99989594799009252     
   9.1499997954815626       0.99989698677596828     
   9.1599997952580452       0.99989801519129862     
   9.1699997950345278       0.99989903333961605     
   9.1799997948110104       0.99990004132341970     
   9.1899997945874929       0.99990103924418527     
   9.1999997943639755       0.99990202720237542     
   9.2099997941404581       0.99990300529744991     
   9.2199997939169407       0.99990397362787542     
   9.2299997936934233       0.99990493229113575     
   9.2399997934699059       0.99990588138374137     
   9.2499997932463884       0.99990682100123940     
   9.2599997930228710       0.99990775123822295     
   9.2699997927993536       0.99990867218834079     
   9.2799997925758362       0.99990958394430685     
   9.2899997923523188       0.99991048659790938     
   9.2999997921288013       0.99991138024002035     
   9.3099997919052839       0.99991226496060437     
   9.3199997916817665       0.99991314084872818     
   9.3299997914582491       0.99991400799256902     
   9.3399997912347317       0.99991486647942407     
   9.3499997910112143       0.99991571639571886     
   9.3599997907876968       0.99991655782701616     
   9.3699997905641794       0.99991739085802456     
   9.3799997903406620       0.99991821557260685     
   9.3899997901171446       0.99991903205378874     
   9.3999997898936272       0.99991984038376702     
   9.4099997896701097       0.99992064064391795     
   9.4199997894465923       0.99992143291480517     
   9.4299997892230749       0.99992221727618824     
   9.4399997889995575       0.99992299380703031     
   9.4499997887760401       0.99992376258550630     
   9.4599997885525227       0.99992452368901064     
   9.4699997883290052       0.99992527719416524     
   9.4799997881054878       0.99992602317682688     
   9.4899997878819704       0.99992676171209505     
   9.4999997876584530       0.99992749287431970     
   9.5099997874349356       0.99992821673710830     
   9.5199997872114182       0.99992893337333355     
   9.5299997869879007       0.99992964285514063     
   9.5399997867643833       0.99993034525395452     
   9.5499997865408659       0.99993104064048699     
   9.5599997863173485       0.99993172908474415     
   9.5699997860938311       0.99993241065603289     
   9.5799997858703136       0.99993308542296844     
   9.5899997856467962       0.99993375345348090     
   9.5999997854232788       0.99993441481482226     
   9.6099997851997614       0.99993506957357303     
   9.6199997849762440       0.99993571779564905     
   9.6299997847527266       0.99993635954630822     
   9.6399997845292091       0.99993699489015675     
   9.6499997843056917       0.99993762389115604     
   9.6599997840821743       0.99993824661262876     
   9.6699997838586569       0.99993886311726554     
   9.6799997836351395       0.99993947346713119     
   9.6899997834116220       0.99994007772367088     
   9.6999997831881046       0.99994067594771618     
   9.7099997829645872       0.99994126819949158     
   9.7199997827410698       0.99994185453862028     
   9.7299997825175524       0.99994243502413005     
   9.7399997822940350       0.99994300971445971     
   9.7499997820705175       0.99994357866746431     
   9.7599997818470001       0.99994414194042158     
   9.7699997816234827       0.99994469959003729     
   9.7799997813999653       0.99994525167245107     
   9.7899997811764479       0.99994579824324226     
   9.7999997809529305       0.99994633935743515     
   9.8099997807294130       0.99994687506950486     
   9.8199997805058956       0.99994740543338245     
   9.8299997802823782       0.99994793050246078     
   9.8399997800588608       0.99994845032959956     
   9.8499997798353434       0.99994896496713093     
   9.8599997796118259       0.99994947446686433     
   9.8699997793883085       0.99994997888009218     
   9.8799997791647911       0.99995047825759475     
   9.8899997789412737       0.99995097264964539     
   9.8999997787177563       0.99995146210601549     
   9.9099997784942389       0.99995194667597964     
   9.9199997782707214       0.99995242640832038     
   9.9299997780472040       0.99995290135133341     
   9.9399997778236866       0.99995337155283215     
   9.9499997776001692       0.99995383706015262     
   9.9599997773766518       0.99995429792015844     
   9.9699997771531343       0.99995475417924540     
   9.9799997769296169       0.99995520588334585     
   9.9899997767060995       0.99995565307793377     
   9.9999997764825821       0.99995609580802913     
